150
35 887
57 196 887
59 16 887
29 0 658
74 51 812
22 107 887
82 0 448
105 62 887
26 0 757
50 0 696
13 0 782
17 0 847
64 322 887
37 522 887
91 533 822
36 0 521
11 56 887
34 349 887
70 0 772
71 545 887
108 133 887
3 147 887
32 0 833
89 0 821
21 0 681
87 87 887
68 391 887
38 0 684
40 373 887
116 88 467
58 93 887
7 355 887
55 0 481
16 0 706
123 0 867
94 487 887
41 372
5 0 204
36 0 316
0 6 372
68 0 215
38 0 283
27 105 372
16 216 339
47 0 263
14 79 372
11 43 329
10 142 338
49 64 265
44 44 372
65 23 372
40 0 233
19 167 348
35 0 143
69 0 328
54 0 305
17 164 246
64 96 372
62 31 372
50 0 285
18 9 127
45 39 277
43 0 251
32 173 372
9 0 326
28 0 351
66 42 372
51 20 254
53 11 128
24 0 220
18 220 362
39 0 221
6 59 372
60 0 271
55 8 372
37 0 212
32 0 124
46 257 372
49 883
25 0 791
85 0 383
57 0 847
45 0 629
49 0 849
35 241 883
30 0 693
17 0 864
73 144 383
2 73 883
68 162 360
88 0 601
48 21 883
5 0 610
65 159 883
43 108 883
24 0 756
34 0 742
56 0 757
27 86 883
8 77 837
52 0 865
67 40 632
0 72 883
83 210 883
75 0 643
64 17 883
76 0 690
15 661 877
6 0 224
38 0 577
15 0 451
12 397 883
63 281 566
61 0 479
81 0 859
44 219 883
13 18 883
29 64 883
79 63 883
55 442 704
51 168 883
60 278 883
86 0 723
74 0 843
40 203 795
10 247 883
28 92 883
84 328 883
50 96508
100000 32882 93677
59922 43895 78779
48315 0 91466
32175 0 89598
28528 11643 96508
15318 0 25499
55353 27219 96508
54992 2942 96508
13887 16222 54956
10634 2916 96508
2102 0 24532
67776 30369 60023
41676 42268 96508
60835 44598 96508
37004 70274 95720
61534 75305 94960
44984 10510 96508
58581 28259 96508
27753 6216 32533
9541 1784 21778
59786 0 45375
93771 48077 96508
44584 0 55645
36499 29389 96508
79449 71921 91624
80255 2579 96508
15361 67731 96508
9466 0 90017
74756 0 75314
38462 0 69152
98631 0 34467
15935 47795 89829
36500 0 86218
88905 0 67419
41475 6323 96508
90840 49406 96508
18687 0 87227
11938 0 67274
28684 49605 96508
4507 0 62901
76550 67291 96508
26974 0 85833
68073 20815 96508
19986 60220 96508
47414 0 63611
87381 50744 96508
66492 0 61969
33838 8120 96508
79373 18549 96508
41142 0 52462
39 282
34 44 282
22 0 140
15 0 135
31 0 243
54 16 282
43 110 242
45 0 270
11 0 130
2 0 103
42 0 199
49 0 191
20 0 138
1 0 282
58 164 282
6 0 156
27 0 282
26 109 267
29 0 197
17 0 156
24 155 282
23 134 282
32 0 217
33 65 161
30 0 183
12 0 244
39 7 282
18 20 282
52 0 151
46 149 282
3 0 247
8 1 195
14 141 258
55 6 282
10 0 245
14 0 104
16 0 250
41 0 107
59 0 131
0 0 276
38 708
30 0 525
10 25 708
54 203 586
27 158 708
15 0 626
13 0 522
49 0 534
47 365 708
9 114 708
34 268 654
11 0 621
51 0 658
14 0 575
33 441 708
36 301 708
16 0 654
24 0 480
39 159 708
44 0 603
20 0 270
50 17 708
19 0 662
26 290 708
21 253 708
17 76 708
48 0 707
2 272 708
40 304 492
6 0 434
7 52 708
42 275 708
5 0 226
38 0 576
52 0 570
22 56 708
43 177 445
4 11 437
0 0 332
39 562
44 163 562
19 264 562
47 0 374
23 0 249
8 0 368
17 121 562
14 0 428
70 0 553
68 88 562
21 77 562
6 0 553
64 265 383
29 78 217
27 0 419
58 134 562
9 0 391
61 51 562
39 0 128
42 0 495
24 0 397
3 13 550
28 0 499
10 296 562
40 0 499
16 110 245
20 46 562
34 0 530
15 0 266
15 289 562
74 32 430
73 324 562
22 271 562
60 373 562
66 38 455
1 0 476
18 205 562
41 69 562
49 128 562
33 0 519
25 633
27 0 595
18 0 425
41 309 633
58 412 633
60 31 500
9 145 291
22 272 633
24 159 633
46 109 633
7 0 366
3 0 357
16 150 633
1 0 434
53 343 633
30 270 633
20 0 519
62 119 633
17 82 633
49 0 486
57 0 423
8 268 633
4 478 633
5 239 633
28 0 497
66 0 585
35 274
33 80 274
37 0 165
31 139 274
49 59 274
46 165 274
6 67 206
19 0 232
0 0 265
17 0 210
23 0 211
13 16 87
45 0 268
43 113 274
30 121 274
42 89 274
13 98 274
36 141 274
20 0 219
34 0 262
7 0 233
27 4 274
51 145 274
10 70 212
39 0 202
25 13 274
9 100 274
47 101 274
35 0 209
50 0 193
3 19 274
40 99 274
43 0 98
32 0 256
38 88 274
41 0 205
11 315
42 121 267
29 0 232
31 96 165
40 131 293
19 0 276
39 96 315
0 0 315
47 32 250
45 209 315
36 0 249
18 0 167
45 268
19 0 217
24 0 181
26 11 112
56 72 268
12 29 268
10 0 117
5 79 171
33 0 104
27 0 252
58 0 107
20 0 120
66 116 261
22 17 268
65 0 249
66 0 67
1 0 200
14 0 231
70 44 112
62 75 268
45 83 189
50 40 268
39 0 268
58 149 268
4 0 191
2 66 241
63 30 243
72 0 265
13 0 254
52 0 195
30 38 112
36 146 234
46 58 268
75 0 205
9 39 268
68 191 268
17 139 246
43 0 115
7 0 236
18 0 131
74 132 268
44 0 215
49 0 257
31 0 211
35 0 155
73 98 181
4 890
52 412 890
24 191 890
99 0 734
97 0 837
39 644
7 340 615
31 0 581
56 225 644
81 0 414
59 51 456
26 243 644
63 17 644
47 118 644
80 47 390
50 0 574
61 291 644
93 12 644
49 114 644
57 79 248
78 55 644
12 0 584
44 199 644
25 0 597
67 183 644
20 0 571
37 164 644
55 126 409
28 81 644
22 131 348
16 116 644
48 0 438
32 0 479
39 327 597
39 87 271
18 0 469
2 287 644
69 119 644
72 197 644
84 0 511
74 0 456
76 239 543
52 0 513
1 0 563
87 0 468
50 95662
100000 0 93203
15939 39408 95662
78233 21417 59680
22573 46808 95662
95680 3718 95662
78760 6616 95662
21630 0 77763
42744 1685 95662
10371 42696 95662
6369 1349 95662
89185 0 75805
91209 34392 95662
76695 3382 95662
54379 0 63756
42216 39621 82781
82123 0 43177
50210 0 95592
63650 36896 95662
40199 0 55491
5220 0 74153
75650 1166 95662
8907 0 64871
91418 0 64500
3037 0 78739
75613 19193 95662
75828 0 90529
530 0 77094
74088 38946 95662
29122 0 56589
90981 0 69076
89895 829 95662
6093 21209 95662
25741 0 36098
18447 0 61571
16632 0 46451
52633 21435 95662
67699 12822 95662
98371 0 58226
51423 57171 95662
95708 0 94894
37474 0 85265
60686 4109 82359
85003 26420 95662
78263 0 92050
42384 0 55804
1308 44365 95662
51979 9998 95662
90596 0 83376
81879 0 77547
84959 33586 82011
36 767
5 0 767
13 0 562
24 0 301
60 58 767
64 261 767
0 0 569
63 0 584
28 516 767
2 0 542
61 324 767
41 307 767
16 0 490
38 296 767
56 0 670
53 351 767
11 0 689
37 0 578
6 0 719
42 0 608
47 0 599
27 0 621
59 54 767
9 24 767
25 256 521
29 52 767
46 142 767
35 0 712
39 354 638
30 111 326
36 0 529
17 34 217
51 164 767
33 303 767
4 251 767
22 0 622
62 241 521
20 774
6 106 774
54 0 597
41 449 733
82 0 304
105 65 774
36 0 612
31 349 774
57 0 443
94 0 316
108 0 330
58 34 774
12 180 774
9 9 774
74 14 774
80 114 774
13 68 337
70 55 774
104 500 774
76 261 774
5 0 592
11 15
2 1 7
2 9 15
3 0 4
5 7 13
7 0 8
8 3 6
8 8 15
10 2 9
11 8 13
14 6 15
16 0 6
37 695
52 57 695
56 0 283
36 0 684
53 0 551
41 330 695
0 0 539
34 0 524
20 340 695
45 370 693
16 43 437
48 173 695
50 46 695
22 236 695
57 71 695
11 0 384
8 207 695
5 205 695
19 159 695
33 135 695
12 24 695
49 0 603
9 234 695
51 0 623
3 175 695
35 107 695
24 0 581
31 96 695
26 144 695
46 326 695
42 0 426
58 0 352
6 0 478
55 0 244
43 125 351
32 365 695
21 0 515
2 65 285
22 633
73 0 628
63 382 633
43 32 508
58 0 486
55 197 633
0 99 633
83 96 222
9 0 544
4 374 627
88 16 633
57 0 517
82 258 633
70 168 321
12 12 633
74 0 605
80 0 447
41 279 633
75 200 633
64 169 355
36 7 486
2 269 633
15 0 415
9 777
0 52 777
46 0 565
4 317 777
8 53 777
17 0 775
3 0 539
44 0 724
37 31 777
50 291 777
7 574
10 286 548
61 324 465
60 211 574
24 16 574
80 26 322
73 0 260
21 0 565
40 202
28 0 192
69 0 192
51 0 191
32 3 202
49 0 107
25 0 165
74 0 94
36 0 163
63 86 202
6 40 167
66 32 150
82 0 185
40 0 188
60 25 188
18 112 156
0 0 156
43 22 202
91 53 202
4 37 121
1 56 202
38 96 177
62 59 202
22 0 192
86 44 202
37 26 202
47 16 202
2 2 102
20 0 183
55 12 202
71 74 134
39 0 84
68 148 202
83 55 202
79 96 202
58 69 202
90 46 120
33 0 180
23 0 200
81 0 65
35 20 202
2 20
5 5 20
13 0 17
7 30
10 0 10
20 0 10
5 8 21
15 7 20
25 9 22
10 20 30
20 20 30
44 220
35 83 132
3 0 182
38 0 218
27 0 109
46 0 207
8 48 220
12 52 220
57 57 220
50 0 134
19 7 220
39 0 83
42 14 101
6 15 140
9 0 102
36 84 220
31 0 170
49 129 220
1 0 144
33 0 147
47 0 77
32 107 220
15 0 189
55 84 220
53 0 115
0 0 157
41 0 175
58 0 135
2 0 156
13 29 220
60 12 220
30 0 180
10 0 184
16 0 219
4 53 219
7 0 188
20 0 96
29 132 206
43 115 220
59 9 220
5 0 218
25 0 214
28 39 220
24 142 220
17 1 220
37 566
32 0 564
35 0 488
12 264 402
56 120 566
28 13 566
46 306 566
58 52 429
27 67 341
77 218 566
4 0 287
42 0 323
72 194 566
81 126 566
37 12 566
41 0 392
88 47 566
33 58 566
2 6 135
19 0 510
8 0 560
86 13 242
9 216 566
67 303 423
44 95 566
15 37 566
21 167 566
54 125 523
76 34 566
36 79 566
40 0 537
62 0 215
64 0 480
60 0 418
57 31 566
63 368 529
23 0 279
7 159 566
25 577
51 0 520
24 274 577
16 93 577
25 2 577
1 0 334
18 0 326
39 301 577
19 235 352
27 0 407
33 0 496
13 397 577
46 0 435
20 93 577
11 0 557
0 408 562
32 0 311
14 0 432
10 24 577
50 0 504
34 99 577
57 154 577
52 0 316
21 72 577
6 0 478
48 0 486
12 35
5 0 23
24 0 11
1 5 35
18 7 23
31 13 35
6 0 27
22 0 21
20 0 29
25 0 33
3 0 16
13 0 29
15 15 35
34 494
0 82 494
13 60 222
50 152 494
18 363 494
30 212 317
5 0 363
52 0 442
35 290 494
40 43 494
21 48 494
33 107 494
38 315 427
9 0 359
41 243 419
1 0 480
49 172 494
7 155 494
34 134 494
18 0 355
54 0 215
56 0 458
43 268 490
46 145 457
23 20 494
47 0 412
11 0 358
60 0 459
12 0 213
17 15 494
10 77 419
32 263 393
3 0 477
15 149 273
4 0 468
45 888
3 111 888
58 0 517
8 0 834
16 491 855
44 0 523
51 407 628
56 267 888
9 0 702
53 125 888
38 433 888
40 45 888
57 67 582
52 153 853
54 154 888
2 5 888
6 541 888
0 245 888
23 131 888
47 220 888
7 406 888
30 0 710
43 214 888
22 139 888
55 0 657
31 280 719
24 0 595
32 38 888
27 129 888
10 0 342
46 0 798
36 487 888
14 222 888
45 311 888
25 0 741
11 221 888
10 619 888
37 351 888
1 660 843
18 0 588
39 357 715
12 474 888
26 0 583
13 0 713
4 0 673
49 72 488
48 951
4 0 884
66 439 951
43 629 951
47 145 951
74 277 951
19 187 951
91 0 950
93 0 355
16 0 762
45 76 951
97 0 818
8 0 743
22 108 951
41 0 479
78 269 708
79 325 951
28 88 951
63 0 347
94 0 753
11 144 951
72 127 579
60 0 435
21 54 951
58 246 951
64 0 911
17 683 951
82 433 831
35 0 691
50 488 951
70 218 696
61 0 650
15 370 951
30 0 551
69 45 951
44 64 951
31 451 951
38 291 747
48 0 767
25 653 947
2 580 951
68 89 951
92 0 536
7 427 951
65 138 951
67 251 940
84 321 935
95 0 646
9 0 768
1 135
4 32 135
8 499
12 14 499
19 202 499
7 228 499
2 75 499
20 0 176
5 298 499
16 362 499
6 14 499
31 605
54 0 392
18 283 605
3 0 472
46 57 230
23 346 605
55 324 605
57 308 605
61 153 469
24 322 605
36 0 312
84 74 323
25 33 605
41 170 605
28 0 304
8 329 605
56 0 556
59 10 605
79 274 557
10 227 605
0 0 580
30 84 213
71 0 585
34 137 605
49 14 605
32 0 595
76 0 516
48 0 326
19 0 311
9 445 605
58 207 605
15 0 571
25 259
13 56 259
11 10 137
14 38 259
17 155 259
29 153 242
6 123 210
9 0 234
4 80 259
19 0 96
34 0 229
23 24 141
5 0 236
33 20 259
7 6 259
20 0 243
26 44 259
24 62 259
8 36 259
31 99 200
21 74 259
0 0 204
25 102 178
10 0 141
28 0 243
3 0 158
23 34
16 7 34
17 0 25
11 10 21
31 0 33
13 4 34
33 0 28
1 15 34
44 1 34
36 5 34
25 0 10
6 18 34
18 0 11
21 1 34
7 15 34
28 5 24
40 0 23
4 17 24
12 8 32
15 15 29
46 0 25
0 0 18
9 0 27
45 9 18
39 961
72 114 961
97 0 780
124 341 961
42 23 961
70 238 961
119 76 961
87 65 431
4 0 727
75 0 616
129 149 961
106 699 961
87 607 820
31 0 751
125 0 871
6 718 961
69 198 451
93 561 961
79 0 372
84 366 961
86 0 683
2 0 624
113 113 886
99 0 955
100 0 839
80 8 589
62 0 851
71 0 446
116 0 330
73 0 450
32 686 961
85 357 961
49 0 535
110 0 877
61 281 961
103 0 729
121 303 961
21 22 961
68 413 961
29 102 961
32 216
63 24 100
108 0 176
86 91 216
84 57 209
32 3 216
12 17 216
72 38 216
69 4 216
49 15 216
17 0 186
66 0 174
56 0 59
102 0 185
4 10 216
94 0 190
38 117 216
75 43 216
31 55 129
88 93 216
10 134 216
68 0 147
45 0 106
34 89 216
43 77 216
70 81 216
8 72 216
106 41 216
14 0 183
83 86 143
105 68 187
1 79 216
45 116 216
47 681
18 90 591
66 353 681
24 0 493
93 270 681
78 0 410
39 105 681
51 376 674
113 0 292
36 69 681
126 14 681
40 147 577
47 214 681
25 0 589
56 498 681
130 84 681
34 295 514
21 62 435
33 155 681
9 102 681
57 44 681
79 0 569
69 0 436
23 0 680
6 0 491
42 0 680
95 0 476
38 0 527
85 126 681
13 33 681
92 213 681
10 0 429
15 0 492
32 155 306
20 0 543
102 157 497
62 35 681
128 446 681
89 141 419
61 277 656
71 0 456
3 430 681
43 71 681
107 74 681
8 127 681
114 179 681
75 0 681
81 129 681
50 100000
0 1 100000
1 0 99999
2 1 100000
3 0 99999
4 1 100000
5 0 99999
6 1 100000
7 0 99999
8 1 100000
9 0 99999
10 1 100000
11 0 99999
12 1 100000
13 0 99999
14 1 100000
15 0 99999
16 1 100000
17 0 99999
18 1 100000
19 0 99999
20 1 100000
21 0 99999
22 1 100000
23 0 99999
24 1 100000
25 0 99999
26 1 100000
27 0 99999
28 1 100000
29 0 99999
30 1 100000
31 0 99999
32 1 100000
33 0 99999
34 1 100000
35 0 99999
36 1 100000
37 0 99999
38 1 100000
39 0 99999
40 1 100000
41 0 99999
42 1 100000
43 0 99999
44 1 100000
45 0 99999
46 1 100000
47 0 99999
48 1 100000
49 0 99999
30 481
115 0 322
118 152 262
17 0 326
111 154 481
45 0 229
94 0 360
101 223 481
72 265 481
55 0 129
54 125 467
10 0 371
87 0 439
59 60 481
13 84 211
38 320 481
102 59 233
51 316 481
23 271 481
2 0 284
64 0 451
31 0 481
74 0 465
36 50 481
37 0 435
76 0 312
50 0 407
57 0 402
109 228 481
33 112 425
61 166 481
30 19
25 9 19
19 0 12
73 3 19
5 0 8
21 1 19
36 3 19
72 3 19
40 9 19
12 6 19
53 0 15
65 8 19
44 1 15
71 0 16
64 0 16
49 5 17
22 0 17
37 2 19
4 0 12
52 6 19
56 0 13
45 2 19
3 0 12
51 2 6
31 0 18
6 3 19
48 7 19
50 6 19
38 6 19
62 9 19
42 2 19
14 819
76 547 819
98 0 348
9 232 819
46 195 819
80 0 278
43 358 819
11 0 803
28 0 760
99 0 687
81 66 819
30 223 819
71 260 819
36 0 508
20 102 819
33 136
124 62 115
25 35 136
96 38 136
21 56 136
55 0 119
115 46 136
57 0 113
112 0 42
90 0 127
46 0 127
108 0 132
60 0 87
125 0 89
100 31 136
122 78 136
2 99 136
28 71 136
35 3 55
78 0 110
19 0 108
74 39 136
83 0 124
18 0 84
84 18 136
42 0 133
9 0 118
139 0 132
137 0 106
89 13 112
61 0 114
104 0 131
68 0 100
11 0 43
26 129
37 0 89
29 0 101
5 22 129
10 56 129
31 28 83
23 20 129
19 72 129
38 0 107
9 23 89
6 0 101
40 33 129
17 3 129
15 55 129
33 0 100
35 43 129
21 33 129
13 0 117
25 4 88
26 4 98
3 8 129
28 0 108
8 0 129
11 36 117
32 41 83
44 30 129
39 0 61
2 4
0 0 3
1 1 4
50 96650
100000 69037 96650
25487 0 86237
39640 0 52868
29771 29890 96650
22707 8244 96650
30066 0 53533
55320 16053 96650
87888 0 88982
67877 0 87623
33157 52756 80956
61094 0 94840
94917 8695 86597
64098 13611 96650
35233 10140 96650
57021 0 84064
93234 29203 96650
75342 31997 96650
41840 0 86462
418 22082 96650
15681 41422 96650
29233 0 55240
42599 17018 96650
94142 29713 52961
80948 0 94101
50183 0 86687
18125 38871 96650
29812 31305 96595
95970 14654 96650
91047 0 93274
59496 35224 96650
52807 14419 72171
26683 6478 96650
2970 0 91157
50652 0 78889
11420 20710 96650
2463 0 73200
88708 0 76942
49448 1574 31434
22640 0 95838
48806 10854 96650
59667 32024 96650
69108 0 87094
26785 69041 95222
78582 0 43910
36803 0 87114
57888 0 86823
30038 28416 68768
65727 42994 96650
60454 0 58557
12124 11764 96650
33 492
71 0 209
8 82 492
7 0 386
49 90 492
57 292 492
48 261 492
29 0 359
40 0 428
6 34 439
10 0 458
9 267 492
21 130 492
27 154 363
47 87 489
42 0 459
32 119 480
39 237 492
43 106 306
23 170 374
22 110 492
14 187 440
17 0 441
4 0 316
65 0 222
30 20 170
34 62 320
12 143 492
38 34 138
15 45 492
24 0 330
51 23 492
28 0 166
68 0 318
33 993
2 0 298
66 293 820
80 0 609
69 0 877
52 258 993
51 309 993
58 319 993
59 724 993
49 0 541
40 0 398
61 0 838
22 0 820
6 0 959
46 584 993
0 0 816
73 0 393
14 551 993
16 87 842
79 400 993
65 111 993
53 0 806
29 87 346
82 51 993
8 55 647
36 106 993
44 200 993
26 323 964
4 0 547
11 0 945
86 245 993
23 263 993
76 16 993
62 0 543
9 771
10 0 522
6 0 766
17 276 771
34 79 771
11 0 627
21 43 215
2 0 397
26 292 771
13 30 771
50 861
115 0 742
110 0 708
7 32 861
35 0 783
136 73 861
100 0 397
64 0 749
57 226 861
53 549 861
77 349 861
45 0 467
98 0 502
38 0 615
30 0 765
53 0 475
15 0 656
59 0 825
124 0 558
104 0 612
23 405 861
52 86 861
120 0 662
114 0 850
0 0 577
12 0 669
93 0 668
21 345 861
72 69 861
5 0 756
9 0 764
78 183 861
88 0 486
17 653 861
81 3 861
44 19 861
33 0 729
13 0 856
47 0 806
122 0 861
61 0 412
19 74 861
70 0 623
24 99 347
101 257 579
1 0 493
62 0 841
133 271 861
3 190 861
16 361 861
27 319 861
17 335
97 70 335
104 0 157
18 88 301
37 65 217
91 132 270
88 137 335
30 0 330
17 16 335
8 0 276
55 11 335
83 0 270
102 0 229
58 0 316
75 0 183
7 0 198
92 0 263
36 0 313
21 420
15 108 304
35 0 254
8 0 408
24 0 369
6 102 342
34 42 420
14 106 420
37 0 408
7 59 160
1 108 420
13 0 274
48 327 420
46 45 367
27 103 193
31 54 420
33 0 360
2 229 420
12 0 288
30 0 327
36 11 340
5 22 420
16 819
76 0 357
15 141 819
45 0 556
61 275 819
18 214 819
49 0 507
68 0 412
23 0 679
49 554 819
81 45 285
35 0 482
34 230 442
82 39 819
42 328 819
10 438 819
59 141 771
41 775
62 0 218
14 114 775
9 0 502
4 0 642
10 64 775
6 382 775
56 280 775
59 0 574
78 0 516
38 412 775
41 0 623
33 0 629
54 1 602
62 375 775
50 0 671
43 18 502
16 0 422
51 0 666
48 0 396
47 209 775
44 0 633
40 0 440
13 0 608
20 0 654
72 401 775
73 497 775
18 0 240
58 0 615
26 0 381
3 0 318
55 0 288
45 81 378
80 0 362
19 128 775
23 0 707
2 0 259
64 222 775
24 0 698
68 398 775
42 280 775
61 0 739
40 699
49 0 316
15 304 699
66 255 699
32 446 699
58 0 683
17 351 699
72 15 699
22 0 447
43 409 699
14 0 502
1 87 549
6 268 699
60 0 583
39 0 510
4 383 699
45 0 398
34 166 699
40 2 276
3 286 699
23 0 580
68 27 687
6 59 254
69 0 621
38 0 621
64 0 478
27 21 699
30 189 699
42 184 699
0 0 636
47 198 699
48 281 699
37 0 536
41 0 479
61 514 699
20 62 590
51 255 699
65 0 662
53 0 640
19 0 313
62 0 691
25 560
5 0 389
7 231 560
13 0 433
29 157 429
14 0 559
36 0 362
9 0 373
1 164 560
11 161 407
20 0 392
35 0 430
33 0 502
8 67 317
6 84 560
23 0 302
19 274 445
18 28 560
30 128 560
0 0 357
24 225 560
3 0 488
10 15 560
12 39 560
28 0 552
26 142 560
43 177
95 0 83
10 0 155
62 80 177
6 0 105
118 50 105
3 63 177
50 0 100
9 0 112
115 0 52
13 0 116
76 43 177
79 0 80
94 44 150
37 5 177
114 0 140
74 68 177
87 0 110
77 0 113
35 0 136
52 21 177
92 29 177
12 15 177
28 44 177
42 57 95
20 0 100
111 52 177
121 29 177
53 65 143
58 0 69
91 45 177
54 5 177
120 41 177
69 60 177
73 0 133
106 0 74
103 8 177
22 73 167
96 66 177
89 33 177
0 102 177
105 4 177
65 0 174
112 0 158
14 887
32 0 831
4 164 887
6 334 887
29 0 858
17 0 867
75 479 887
54 79 632
101 199 887
7 161 737
105 496 748
52 203 887
107 392 887
41 0 848
64 378 887
41 963
12 676 963
15 112 610
69 354 963
3 159 963
1 88 418
4 0 833
24 380 728
63 480 744
38 272 963
61 271 870
24 36 347
55 118 963
47 330 963
71 0 739
18 32 737
14 0 839
48 0 963
9 0 518
57 354 886
11 0 963
35 0 833
20 79 963
45 645 922
41 201 963
29 157 963
60 0 518
59 180 963
32 280 963
31 0 810
64 34 963
36 101 956
5 0 472
68 0 459
37 89 963
51 0 920
40 0 658
65 0 617
8 138 886
23 0 877
19 0 855
58 97 963
4 707
27 2 245
60 49 707
34 66 621
68 83 707
50 100000
100000 25697 100000
96114 0 75919
55020 45840 100000
12712 30014 100000
8973 0 62582
36320 6906 56362
66239 36919 100000
98030 50788 100000
36614 0 56722
6471 46773 91136
97823 59309 100000
38506 0 72487
69706 0 97253
75371 46851 99114
71451 21863 100000
41964 21457 100000
82415 0 99442
83585 0 73981
55014 0 100000
8483 54911 82330
62819 18776 38932
92868 28387 100000
41311 0 65188
83336 15898 56458
2864 0 55258
75766 0 77956
40160 1301 100000
46238 16980 100000
75249 51257 100000
7754 22034 55502
19835 0 91045
6406 0 93733
94401 37861 100000
10218 0 50747
25496 0 59498
49929 52410 82083
88840 419 26105
47287 0 97402
34402 48022 81453
95982 0 38149
94061 4309 74476
91984 23971 70310
21500 0 80809
59436 0 57030
53720 0 40937
63724 23903 100000
44995 0 76747
16687 0 65194
59953 0 83332
16243 8047 60955
50 99629
100000 33578 99629
93968 58008 99629
7777 61870 99629
63063 0 97400
49423 0 88597
62415 0 75824
10072 0 56236
62713 0 24174
85176 0 67480
6616 18900 99629
76738 0 51095
57889 26965 99629
38741 20514 99629
70183 81 55049
10602 15490 83959
57447 5268 34357
54944 44803 99629
4636 8185 60844
64296 13420 99629
44812 0 94407
77498 10027 99629
67244 21994 79214
1358 0 37130
27065 0 58248
9235 0 97386
34017 30123 99629
56623 16271 93391
37431 29027 99629
80162 0 63839
24606 0 65291
82671 12616 99629
97632 10606 99629
44487 7651 85687
16618 0 53003
93589 50440 99629
9665 63272 99629
59069 0 90143
54268 0 48718
55186 16785 99629
42975 11523 99629
29368 65377 99629
9458 37811 99629
80076 28844 63130
40271 0 55631
56686 45484 86363
43977 0 65067
4344 35718 89107
28882 0 51635
15018 4056 99629
30523 0 58753
46 903
71 239 903
8 0 871
67 0 551
45 0 524
57 0 434
77 0 628
87 0 326
54 0 797
30 448 903
72 423 903
37 29 903
76 562 854
70 108 903
55 0 362
79 0 744
74 0 582
61 248 903
29 0 774
86 489 903
0 0 674
22 102 903
101 0 260
56 90 354
56 613 903
27 0 717
46 57 903
19 0 622
13 26 317
14 20 903
26 4 903
2 0 686
50 0 657
89 106 890
80 159 903
97 0 862
85 460 903
28 63 903
53 118 903
65 0 757
6 414 903
25 161 903
96 0 418
1 0 863
35 0 431
49 0 809
31 0 829
4 14
34 5 13
17 0 8
41 4 9
8 6 14
28 707
22 208 707
38 104 707
20 186 443
31 284 707
4 132 707
1 60 707
42 91 707
49 112 681
37 178 655
36 309 707
16 0 483
15 245 707
51 0 688
44 0 235
14 283 707
0 335 707
21 0 591
17 219 707
46 18 161
47 139 400
10 287 707
23 0 237
33 63 707
26 285 707
3 0 503
12 18 707
13 0 412
50 0 193
27 261
92 0 162
53 0 253
19 91 210
34 0 126
31 97 149
14 96 261
0 0 145
87 47 261
93 0 203
7 46 261
48 174 258
32 36 151
113 0 242
101 0 139
11 0 188
49 0 169
33 59 261
15 132 261
69 0 235
109 0 191
121 58 261
10 60 261
78 0 190
23 184 261
108 84 261
75 62 261
8 48 261
3 9
33 0 6
66 0 9
99 3 9
36 471
63 51 239
39 129 471
112 61 415
5 0 299
93 0 363
54 19 471
24 121 471
26 0 470
85 0 355
47 77 369
106 28 471
67 246 471
78 0 305
66 0 447
58 0 339
36 67 471
31 162 471
100 26 471
107 0 343
27 0 342
38 365 468
50 0 216
83 183 471
108 0 165
7 0 439
18 0 353
43 263 471
12 65 471
48 216 471
21 186 307
71 79 312
14 154 471
29 212 321
17 120 439
87 0 313
108 282 471
27 843
38 149 843
19 0 817
24 0 641
26 188 843
22 0 711
40 0 743
12 0 212
11 56 843
5 0 633
39 0 788
41 0 843
13 361 675
33 53 843
47 365 843
28 274 843
44 195 843
35 89 843
8 54 843
18 265 843
20 0 562
27 0 347
17 194 432
32 302 843
9 90 843
14 53 843
3 27 843
43 0 836
1 413
44 138 413
39 426
35 207 351
21 0 257
23 0 379
16 0 359
17 90 426
54 231 364
11 132 426
49 168 426
34 0 376
13 0 175
47 55 426
25 335 426
53 103 342
29 37 312
7 164 426
12 74 426
45 15 426
3 0 243
41 0 385
48 194 426
39 0 386
22 96 426
37 95 297
8 30 426
43 116 426
20 0 362
44 85 426
50 0 410
10 238 426
28 0 425
38 202 426
40 0 342
0 0 313
52 121 426
36 80 426
4 121 426
24 6 426
51 263 426
19 130 426
50 99202
100000 0 96169
53116 50488 74909
23357 18780 99202
93787 9103 99202
77257 34264 95152
53650 55301 99202
2000 0 68636
6898 73147 99131
12900 0 33902
12858 32036 99202
65546 45191 99202
77980 0 95882
41097 0 73031
48945 0 71642
66955 51038 99202
50071 16696 99202
10494 61371 99202
67434 27037 99202
38739 0 90799
19152 16484 99202
27051 0 79043
10760 24800 99202
79707 0 58702
98486 0 60459
82801 0 84683
4012 25667 99202
19910 15157 99202
30982 0 39906
38436 29222 99202
31404 67062 97488
60985 6555 34890
35033 5793 99202
22290 0 84025
60104 36758 57780
69717 0 88052
81327 17662 42294
10245 0 56466
36295 0 76587
53402 13361 39744
8640 12064 92188
72535 17499 99202
72847 38181 90175
10876 31436 85085
93953 0 48837
89083 5610 37974
41329 11393 99202
6862 0 80494
28833 0 80754
40353 4486 93115
87949 6530 99202
28 349
12 132 349
7 193 349
1 0 323
36 0 344
15 0 196
39 9 349
7 0 181
4 200 349
20 0 311
35 0 174
19 0 233
27 47 349
42 7 349
2 107 349
34 30 349
9 101 349
17 0 348
3 66 349
26 69 349
18 0 296
29 98 326
21 50 349
43 15 349
23 184 344
8 89 205
28 35 152
31 83 262
0 0 214
23 201
12 24 94
93 3 201
84 34 201
4 0 188
40 0 187
3 25 201
24 0 166
95 0 194
6 39 201
75 0 60
104 85 201
101 0 158
34 0 192
80 0 195
79 138 201
0 0 131
7 119 201
102 64 194
11 0 101
57 93 201
9 6 201
73 0 134
77 20 201
14 853
12 71 598
1 232 853
34 332 607
26 0 672
50 100 853
38 0 613
29 35 853
46 222 853
33 0 756
37 232 853
13 0 398
17 22 636
10 0 472
28 0 702
28 215
84 34 113
96 0 186
65 130 215
23 0 174
44 106 215
87 0 110
13 0 176
37 129 187
52 128 215
49 59 215
2 0 135
19 0 204
6 83 215
83 0 198
72 0 133
123 89 215
71 0 113
63 0 204
43 63 215
78 0 173
42 23 181
45 0 121
86 0 158
102 27 210
75 0 115
35 0 205
55 130 215
124 16 215
36 461
139 0 316
90 9 461
141 202 461
33 111 461
49 222 345
135 4 461
125 60 432
38 161 365
131 0 461
19 158 268
51 66 196
123 0 414
63 87 398
75 0 349
57 0 296
3 150 335
50 206 461
37 189 461
32 0 440
111 225 354
46 40 461
39 3 461
31 0 218
87 76 461
119 102 461
61 142 461
67 0 377
76 64 461
15 348 461
24 0 269
105 5 461
132 0 382
52 192 461
45 321 461
62 0 453
26 111 400
50 594
43 104 224
0 430 585
49 0 469
39 94 594
2 136 594
35 248 594
15 0 443
31 198 594
51 337 594
54 32 594
41 0 570
44 0 287
59 0 490
30 0 366
50 0 564
16 29 594
20 0 588
4 121 594
57 0 310
32 0 560
14 0 481
9 155 490
37 157 358
38 168 594
3 97 594
13 0 363
25 391 594
60 0 256
27 308 594
11 410 576
36 72 231
18 198 594
10 158 594
42 112 554
19 0 541
21 137 594
53 0 397
33 351 594
48 227 594
26 0 375
6 12 594
58 290 594
8 0 437
34 276 594
11 206 355
23 73 594
40 84 374
28 55 207
29 285 477
12 0 457
36 166
61 0 149
11 0 131
103 109 166
104 0 114
119 79 118
85 0 122
3 0 130
42 0 146
26 7 166
68 0 47
89 52 166
51 0 85
30 65 166
105 0 117
95 120 160
113 27 166
14 48 160
112 13 166
70 0 80
75 90 166
87 0 122
111 102 166
37 40 166
5 0 150
39 0 140
54 87 166
64 23 166
106 0 128
48 0 95
46 0 148
27 0 126
110 0 91
123 3 141
107 0 156
21 0 122
90 20 166
45 478
35 0 285
3 215 478
23 214 432
26 0 447
48 92 281
11 41 478
6 112 478
67 156 478
61 0 229
18 158 478
52 0 230
31 0 197
1 0 456
32 0 455
53 0 116
17 257 478
25 61 478
21 176 478
27 244 417
13 1 333
34 3 182
64 0 294
8 293 478
55 0 478
47 0 462
40 0 339
0 0 301
30 118 478
4 0 440
51 264 424
57 0 398
45 202 478
41 21 158
59 161 452
58 319 478
46 178 478
60 0 214
43 0 137
46 0 168
66 30 478
28 0 423
56 112 478
61 293 478
14 0 270
65 180 478
2 182
18 75 182
0 49 182
35 759
51 0 654
43 79 759
109 179 759
45 0 528
7 0 635
36 0 316
50 149 759
111 187 539
31 0 575
102 0 703
39 20 759
93 198 759
52 0 720
81 0 571
44 247 447
0 188 759
49 6 759
28 402 759
78 0 668
83 0 608
106 282 759
62 0 551
86 99 403
64 162 759
3 39 249
48 95 623
10 7 759
53 0 365
8 0 461
6 0 697
79 89 759
35 232 673
112 382 759
101 286 759
73 57 422
5 208
11 19 161
26 0 206
22 0 208
21 0 196
19 13 208
27 176
2 9 176
57 7 78
19 79 176
3 56 101
39 0 170
16 31 176
59 0 75
20 116 160
1 54 176
28 0 123
0 37 77
31 8 176
8 0 37
34 20 176
53 24 112
42 0 142
46 0 171
63 90 176
56 74 176
4 82 176
29 0 164
11 68 176
9 46 176
47 89 151
15 0 135
36 0 140
37 8 176
48 294
93 93 294
84 157 294
11 164 293
4 0 287
17 0 211
37 0 224
44 106 294
26 55 294
43 110 294
81 18 242
72 0 244
14 30 294
101 127 294
96 124 184
106 98 294
68 0 234
78 30 294
12 214 294
41 0 256
19 88 294
9 27 93
102 0 279
95 16 162
56 18 164
13 18 294
20 93 294
59 63 294
35 70 294
104 0 294
27 0 136
85 0 119
89 194 294
65 28 137
15 47 294
10 131 294
73 115 294
39 10 294
6 138 294
45 147 294
83 0 230
76 93 294
18 164 294
33 78 294
22 0 209
51 130 294
69 0 292
91 0 279
3 65 236
34 533
71 336 533
0 27 443
107 0 259
94 0 441
5 166 533
9 0 410
31 18 144
130 132 533
15 361 478
67 260 533
46 63 533
73 138 256
83 30 175
109 188 533
121 0 511
62 38 533
11 97 401
37 0 211
45 0 453
10 173 533
32 0 353
87 0 415
68 72 273
38 0 519
110 41 533
8 29 533
42 210 353
31 257 400
86 254 533
72 83 447
6 310 533
47 65 533
90 83 410
54 148 533
12 313
54 5 123
39 50 313
79 0 296
34 0 286
65 236 311
0 77 179
30 0 206
16 0 202
23 0 225
42 132 308
26 0 249
50 0 72
8 780
79 468 780
53 0 753
60 0 283
64 233 632
47 191 780
85 0 675
17 496 780
34 0 734
50 99837
100000 0 95815
93913 0 66977
2104 17849 99837
48320 49218 99837
7304 0 80739
43258 16624 61903
72280 0 70319
71766 59713 99837
57014 0 46914
78458 8080 99837
58255 15169 62119
82680 0 60629
82281 0 88526
83391 0 67590
15494 25510 51765
43151 0 79307
41441 0 89911
92180 0 75850
75545 0 76272
86796 34804 87458
16858 0 77438
58711 62767 99837
8106 40721 99837
69693 43016 99837
98413 53867 99837
91880 74245 95247
61423 0 48298
43982 46526 69398
6568 0 78679
87471 69091 99837
92154 45282 99837
22638 0 55238
35028 0 47487
53516 29177 99837
2037 46741 99837
63782 0 75575
55030 0 94078
26792 0 63517
69823 16452 99837
75893 0 88108
12290 0 99360
41477 11793 99837
95930 46512 99837
15996 0 76999
22406 21739 99837
67211 0 35852
68589 5451 99837
2600 42828 99837
85115 0 58234
21559 32038 99837
37 458
9 0 407
90 10 458
33 103 318
37 45 436
94 0 371
1 0 310
39 13 458
108 163 262
15 14 458
18 24 370
48 40 310
11 126 458
78 9 254
0 0 313
30 0 374
5 168 375
89 0 334
80 109 368
85 0 428
32 0 389
83 0 458
44 189 458
97 91 458
45 0 454
52 0 267
64 0 406
70 59 458
46 0 445
8 79 458
54 10 447
105 0 292
58 0 231
60 0 407
31 69 458
36 106 458
88 156 458
26 82 458
29 536
62 0 462
43 0 185
44 45 292
80 0 420
29 0 199
84 100 536
74 0 155
41 119 536
51 245 536
16 22 536
21 0 482
58 63 403
12 32 223
87 62 536
59 113 536
0 0 286
72 128 364
61 201 311
30 0 284
56 131 536
85 94 500
25 366 536
63 147 536
50 45 536
34 166 536
90 0 531
26 0 383
9 288 536
19 6 440
1 566
27 248 389
45 445
40 109 418
55 0 349
45 0 173
24 211 445
49 41 445
47 86 445
51 286 405
66 0 386
54 244 445
9 0 207
14 0 162
39 29 445
61 0 187
37 279 401
36 0 389
28 218 366
56 0 403
17 50 445
44 37 445
8 2 402
31 253 445
68 249 424
15 6 283
20 134 445
5 195 445
42 282 445
26 0 299
13 174 445
2 0 373
46 0 285
21 26 445
6 0 172
4 59 445
38 82 300
70 151 295
41 48 445
43 59 435
7 24 445
62 155 445
0 0 229
3 0 264
16 0 427
53 78 445
64 0 236
30 154 445
5 779
46 0 715
23 0 445
92 20 779
9 0 438
55 0 589
3 482
11 105 482
0 0 265
4 28 482
48 916
57 60 857
62 0 811
42 129 916
64 0 542
36 372 916
8 23 916
39 217 736
45 0 685
46 0 871
18 232 836
73 158 895
2 0 348
40 0 292
1 367 916
25 182 916
0 103 546
59 0 558
22 71 916
72 0 457
60 451 916
52 25 916
16 0 855
47 0 435
61 235 916
54 144 916
38 0 568
30 191 916
3 116 916
21 114 916
65 0 888
14 187 916
34 0 884
74 321 916
70 385 916
10 6 916
2 444 916
28 90 916
19 0 707
55 0 916
47 454 916
41 474 754
71 0 893
17 28 916
29 255 543
51 263 671
13 0 511
53 0 476
69 271 916
23 206
62 19 206
43 65 205
6 0 175
69 0 172
1 0 161
72 133 189
33 93 206
35 38 206
29 29 206
34 98 206
70 58 206
57 82 206
75 0 193
46 3 206
82 37 206
4 0 198
60 0 172
83 0 176
80 0 57
59 0 79
42 62 205
85 11 206
30 71 188
30 839
49 15 839
28 0 431
23 210 839
11 0 792
3 287 839
14 82 839
12 321 529
40 0 791
48 20 328
24 96 839
27 0 728
4 348 839
7 63 359
15 17 839
43 357 628
29 72 544
26 0 754
39 0 599
50 0 720
45 0 560
34 101 839
5 120 839
8 0 653
1 0 839
41 46 839
13 109 839
17 144 839
36 531 839
31 13 839
46 530 839
18 231
26 61 231
20 0 217
37 84 147
28 31 224
12 0 221
17 0 212
0 75 153
22 63 231
16 2 130
27 118 231
24 0 83
18 0 216
8 126 231
5 2 138
38 42 231
7 0 221
1 35 231
31 52 231
50 97756
100000 0 54175
19016 0 67626
78315 0 62848
4726 22222 94058
55400 0 59289
10639 55205 97756
4706 0 86529
32779 51166 97756
44558 0 43229
41952 26065 97756
71041 11622 97756
58382 0 97756
44365 9426 97756
45891 27462 97756
97623 0 49691
38914 19504 66727
28665 0 66699
32282 3988 97756
74957 0 91015
17799 0 97533
20760 0 69981
76378 0 78622
61602 0 54554
59706 0 67166
33016 0 70498
12112 0 75739
98696 0 84523
81202 0 62077
10310 0 76293
125 29080 97756
89181 12379 74389
32465 0 65516
71989 0 68472
52686 8757 45106
86427 0 96367
61301 0 78921
55510 19162 97756
99642 30056 97756
55546 24606 97756
89194 1977 55850
35503 0 75944
49800 0 72812
3671 0 43671
16797 59421 97756
44087 11308 97756
20754 0 53477
72359 0 60072
33546 29635 80484
4422 64667 97756
19561 7449 97756
15 982
37 100 982
22 247 806
19 164 982
30 0 868
26 370 982
14 556 982
34 32 535
49 0 918
0 0 565
23 0 450
12 330 982
18 136 982
2 0 646
42 203 982
38 0 811
1 19
38 0 8
1 1
0 0 1
34 666
63 0 606
61 138 666
44 162 660
31 48 182
52 0 607
68 186 666
66 320 666
107 0 260
43 0 351
32 0 584
18 0 656
77 0 640
64 0 450
38 25 340
92 42 666
78 0 403
73 230 666
56 368 537
35 85 619
46 116 666
3 0 651
93 56 328
86 55 666
79 0 332
75 0 603
82 321 522
8 0 633
37 0 618
90 74 385
71 41 304
42 72 248
10 241 666
6 385 666
30 0 636
11 152
0 2 59
15 29 152
23 59 152
7 78 123
5 0 108
18 106 152
9 0 129
17 16 152
33 0 145
27 0 133
25 92 152
3 836
44 0 310
28 0 770
49 0 697
29 991
60 59 892
11 0 853
46 0 592
90 0 846
88 0 468
91 0 810
25 0 676
28 0 748
57 0 543
22 103 991
44 0 727
20 44 991
7 0 428
30 0 941
19 0 771
12 405 991
77 306 991
37 0 672
98 20 991
21 0 872
63 0 629
78 0 886
3 0 954
32 267 991
65 9 991
38 204 991
48 62 991
80 535 991
29 544 896
2 218
0 0 170
27 0 207
3 151
5 71 151
15 49 151
2 25 148
40 131
57 10 131
66 23 79
86 16 131
4 29 131
1 43 123
93 67 131
36 30 62
74 5 131
83 1 131
52 0 84
9 0 111
5 0 59
31 62 131
38 77 119
24 20 131
6 9 131
64 5 131
59 15 131
19 7 131
41 1 131
3 0 112
92 0 115
87 0 77
42 15 52
67 0 107
46 0 129
14 0 47
49 0 106
76 0 116
25 0 114
48 0 85
60 8 131
45 0 106
80 0 50
65 0 68
68 0 115
37 0 122
82 83 131
32 0 87
11 8 131
22 937
27 0 803
122 18 937
90 0 725
101 123 635
113 186 937
97 104 791
57 716 928
22 122 601
2 170 937
8 0 605
100 0 501
91 0 472
109 25 924
9 340 937
62 41 641
99 0 653
37 93 937
52 0 545
64 68 937
35 89 937
29 338 937
68 0 480
27 277
1 20 277
60 0 97
3 15 277
32 5 277
2 40 193
46 68 277
57 3 225
9 78 277
20 6 105
58 49 277
4 31 277
27 19 277
36 0 211
10 0 163
6 0 199
52 0 151
50 136 277
18 0 148
23 0 208
49 32 277
24 66 236
34 78 277
43 49 277
56 15 104
37 0 206
33 92 152
12 166 277
13 595
19 4 340
25 0 443
51 7 595
23 0 447
9 0 463
58 49 443
1 192 595
59 387 595
36 47 595
29 41 595
4 0 469
57 36 595
62 0 526
7 491
1 261 491
67 176 491
45 157 491
60 27 491
27 0 309
75 64 491
52 0 430
45 611
60 42 611
84 0 531
64 4 611
52 43 611
15 0 473
92 122 611
95 244 579
77 110 611
82 215 611
49 29 345
65 34 611
69 0 322
12 186 611
27 0 414
113 0 410
19 234 611
54 0 515
76 0 579
2 0 403
72 0 411
97 34 365
51 0 474
116 0 584
8 0 600
56 180 472
36 419 611
53 89 392
101 0 582
83 0 602
85 0 571
5 40 611
106 58 611
10 156 611
11 170 611
115 59 611
62 281 611
61 135 293
90 0 425
9 136 272
6 0 486
42 0 468
29 242 611
1 155 611
66 357 611
18 0 329
22 394
3 0 394
26 0 268
79 0 188
64 0 281
66 0 293
82 0 292
19 0 304
8 14 261
77 0 229
68 0 130
37 0 324
55 0 293
74 100 385
88 0 240
43 190 394
34 171 336
14 8 158
9 34 394
1 0 329
87 13 394
17 0 341
61 44 394
32 151
124 0 95
119 5 151
36 0 103
32 4 151
74 0 133
108 48 151
40 0 139
106 0 139
45 0 86
57 0 87
38 0 134
63 29 151
100 0 105
60 2 151
128 0 36
29 0 98
113 52 125
10 0 143
87 31 151
78 26 151
72 15 151
120 0 135
83 1 151
11 0 146
16 43 151
81 0 94
23 15 121
121 53 144
6 58 151
107 6 151
129 6 50
26 6 151
8 123
28 40 116
36 17 94
25 1 123
70 0 105
81 36 104
35 5 123
34 2 123
7 41 123
15 461
86 0 403
37 0 329
45 94 461
103 0 227
62 211 461
65 0 383
5 119 451
56 0 458
85 56 461
108 235 461
38 39 269
39 0 357
114 0 384
8 27 430
21 305 419
45 169
17 0 148
2 0 116
34 0 164
8 0 147
27 51 169
44 94 169
63 55 169
14 106 169
33 0 94
40 0 161
6 125 169
5 68 169
48 0 52
38 27 169
50 0 69
24 0 159
52 9 169
66 40 156
62 0 153
31 81 116
15 5 67
12 69 164
45 0 67
54 0 112
20 0 125
47 0 89
58 0 112
43 88 169
46 66 169
36 0 163
10 63 169
22 15 122
7 25 97
28 76 169
55 26 169
56 35 169
25 0 96
13 108 169
1 66 130
11 0 125
23 0 121
57 0 166
35 53 169
29 0 134
30 91 169
47 652
38 0 468
8 80 652
32 91 652
11 481 645
49 0 545
60 0 298
42 35 652
40 0 586
25 0 529
54 310 652
50 269 652
14 0 394
57 12 262
20 0 646
19 0 556
61 77 652
45 0 401
62 111 652
30 458 620
6 254 620
12 0 442
9 0 419
46 246 652
14 449 652
58 153 589
48 0 443
51 231 652
1 167 362
10 92 551
47 0 629
26 153 652
34 442 638
24 447 627
36 180 652
59 0 266
29 283 652
22 244 652
9 422 618
27 0 510
13 0 444
23 227 630
18 157 652
15 285 652
28 0 373
63 150 472
64 0 601
4 59 652
13 928
45 62 928
54 0 219
90 49 928
48 51 798
43 0 912
42 299 564
13 0 728
24 412 928
101 0 780
94 65 928
57 16 350
14 0 748
4 0 867
24 986
48 0 911
27 0 631
42 384 728
36 0 428
40 143 986
2 392 986
33 0 827
32 70 986
45 573 986
9 0 923
43 148 972
22 0 467
34 0 802
38 371 986
15 0 608
46 160 986
11 188 986
25 0 946
51 171 986
29 106 775
10 379 986
23 69 986
30 356 841
52 0 846
35 848
75 0 476
57 263 848
76 0 672
45 286 848
64 481 693
1 459 845
50 19 848
18 471 848
5 0 813
47 112 848
67 0 198
61 0 359
55 0 748
38 303 848
35 461 848
39 0 726
53 132 848
63 228 668
14 602 822
0 0 505
19 0 632
44 133 848
78 0 743
23 0 514
43 36 848
58 658 837
10 211 434
51 221 455
24 291 681
71 61 848
25 103 760
46 0 346
8 0 730
29 17 848
14 0 522
31 253
9 60 253
91 23 253
46 0 92
60 27 201
90 0 215
4 98 253
50 23 199
101 130 253
45 0 142
42 0 158
43 0 232
53 81 253
49 66 253
7 0 226
21 185 253
51 12 218
68 0 251
99 13 95
5 0 173
54 80 253
31 83 253
16 61 253
3 124 253
23 12 253
76 132 253
84 0 234
13 0 179
72 12 194
34 0 153
48 11 253
24 2 253
50 96584
100000 0 94697
73849 14298 96584
93796 24441 96584
13460 24999 96584
10767 56877 96584
92069 44057 96584
75407 62653 96584
96263 10526 96584
3620 9617 74034
59437 0 63032
64203 40718 96283
17953 0 52219
35414 0 67173
59734 10674 96584
78977 0 37380
16388 4097 96584
10495 0 84305
34264 0 42586
53344 0 78592
46596 0 76741
767 0 82734
76046 0 92700
69677 57469 96584
71407 0 78091
66144 0 80435
48261 34023 96584
96994 3717 71988
28809 0 63831
14149 0 96584
97692 0 94155
12011 31215 96584
99283 21773 96584
30636 0 83267
69214 0 72741
9147 0 67523
58603 38955 96584
20284 38889 94358
58663 13951 65504
97228 0 42290
31577 44555 96584
65257 18384 96584
7620 0 78381
62421 0 57178
47356 35657 96584
5542 0 88859
1532 23726 96584
58719 4324 96584
12941 0 83068
48258 0 93141
73165 44971 96584
27 63
20 0 43
18 15 59
22 32 63
14 29 57
6 0 39
1 4 41
28 0 38
35 4 63
32 0 48
15 27 40
25 14 63
19 0 52
16 0 13
0 0 24
21 30 63
9 22 63
27 0 35
30 13 63
31 7 44
37 43 63
10 0 20
12 0 47
34 18 63
36 18 57
13 19 50
4 5 63
3 17 63
1 709
62 235 709
27 744
53 317 744
29 0 687
22 0 382
48 124 402
1 212 613
43 290 744
47 282 476
26 256 744
8 301 744
15 0 696
13 309 639
4 443 744
14 117 744
10 0 485
11 0 640
5 160 744
7 0 744
40 0 355
44 182 414
52 63 744
6 0 578
17 0 358
24 0 636
13 0 302
12 0 733
25 0 657
51 0 717
25 452
33 0 441
100 200 452
54 180 299
111 113 452
88 101 452
110 50 452
115 0 293
104 278 452
107 212 452
31 0 335
13 0 361
56 98 452
124 125 452
24 218 452
51 29 452
53 0 297
27 59 452
20 122 452
121 0 263
5 89 290
49 168 365
105 0 283
36 11 113
32 0 434
79 176 273
49 935
42 0 518
68 337 935
27 77 935
25 361 935
24 0 407
29 4 282
12 0 802
56 43 513
8 252 808
11 161 935
31 0 770
0 0 627
36 329 557
16 194 935
49 0 803
19 287 631
18 122 935
61 403 935
20 392 935
1 0 548
52 0 891
62 259 493
64 0 733
33 38 935
9 17 935
67 568 872
37 0 698
71 0 893
38 0 654
34 0 638
70 140 935
2 0 750
13 256 935
17 476 935
40 155 591
26 565 760
22 0 778
55 66 935
26 0 538
15 89 847
54 570 833
60 98 935
43 208 495
53 357 935
5 425 935
7 155 701
23 95 494
65 516 935
41 354 700
50 98284
100000 5458 98284
64300 20582 98284
68536 0 71714
77429 38856 89272
98653 37320 98284
65306 0 87157
3805 0 52238
72459 0 58299
78865 0 86428
39435 16623 54774
11897 33115 98284
34572 0 23141
32250 62365 98284
10260 21091 98284
84169 36211 98284
25176 0 74258
39473 3334 86649
7089 23866 98284
55172 60001 98284
50531 32090 98284
99168 0 59733
51628 18641 98284
7660 0 93802
7183 0 82741
79718 14069 98284
25543 0 57058
23496 0 86069
17746 13062 98284
2110 5704 98284
46688 0 97748
76153 54340 77074
3376 2564 75286
98967 6405 98284
23138 7291 98284
24567 31205 98284
89293 46514 98284
28988 0 59831
8648 0 94160
10362 0 76400
52343 9819 98284
95982 24608 70273
79937 0 94564
70490 9285 98284
80488 0 40632
40116 39687 96962
74238 14411 98284
20551 61517 88444
79861 4588 98284
1714 9369 98284
41989 16633 98284
25 614
3 497 552
3 133 298
12 395 522
9 112 493
11 567 614
0 364 401
4 105 386
2 0 449
4 73 80
4 475 505
6 275 423
1 20 380
10 29 180
0 41 352
8 56 157
6 0 70
11 284 317
7 247 385
10 212 614
8 422 469
12 0 337
8 504 557
1 399 598
3 424 459
0 452 486
24 34
71 13 34
34 8 34
24 0 25
27 0 16
80 9 34
44 13 34
25 0 14
25 20 34
33 0 12
77 0 29
18 2 18
82 0 13
17 0 13
15 0 16
45 0 15
83 14 34
70 0 17
35 22 34
49 1 17
0 13 34
36 0 32
88 0 18
59 0 33
58 13 34
27 298
75 52 298
21 193 298
14 0 185
66 86 298
22 114 298
43 44 298
73 169 281
30 0 200
62 103 298
81 0 224
10 114 298
72 0 145
90 27 298
69 59 298
24 0 286
23 187 298
13 0 188
35 0 296
5 0 213
28 122 298
86 0 170
106 66 298
33 169 298
27 158 298
6 166 298
44 43 298
49 0 215
35 327
130 0 261
34 121 327
8 153 327
9 101 327
48 191 327
72 0 246
107 0 123
84 0 285
15 67 306
31 148 327
33 55 240
20 0 278
53 14 327
19 95 327
56 211 327
93 235 327
133 156 244
64 0 278
110 25 206
41 27 327
114 127 327
57 73 227
74 0 184
40 59 255
51 198 327
55 32 327
103 213 327
79 53 327
23 0 218
78 60 327
12 0 249
54 100 327
112 83 252
27 110 327
106 0 77
41 396
23 0 281
3 163 396
61 299 396
65 259 396
35 84 396
1 47 396
63 166 288
6 0 170
52 0 286
25 85 390
37 0 385
10 179 396
36 0 350
29 0 175
8 128 207
31 0 337
16 0 265
68 244 396
15 0 218
15 262 385
49 0 360
19 0 223
9 67 396
33 4 225
32 185 396
20 172 396
40 0 172
44 34 278
66 230 327
13 0 395
42 0 272
0 151 396
2 0 325
67 14 396
12 15 396
10 32 155
11 0 327
39 105 396
48 0 391
46 0 223
51 44 396
1 1
1 0 1
28 435
60 0 374
17 0 314
0 122 435
9 172 435
70 156 435
14 107 265
73 0 424
18 19 435
15 0 434
2 193 435
45 3 435
74 0 358
67 0 363
6 75 435
72 152 426
10 0 422
31 30 435
71 239 435
37 133 435
38 24 435
7 24 435
26 0 278
39 151 435
8 108 435
36 292 435
23 141 435
30 0 290
63 0 308
46 610
115 17 610
99 34 610
101 364 599
46 0 244
114 37 610
54 326 610
50 0 430
9 173 610
8 0 421
89 195 526
79 6 610
78 0 203
97 0 527
2 0 545
14 0 599
64 441 610
28 67 610
20 285 610
7 353 610
19 83 610
109 69 590
95 80 610
49 0 522
72 48 438
16 109 610
37 6 610
43 0 566
84 54 610
83 227 610
34 21 610
35 32 610
92 0 397
71 45 610
13 0 350
59 37 610
82 270 610
53 53 610
5 300 609
85 149 610
102 0 524
105 199 610
93 0 493
70 47 610
45 0 599
41 3 610
42 0 519
19 581
25 223 581
5 0 431
8 360 581
46 0 368
0 84 581
9 101 508
41 383 581
16 110 349
2 240 581
44 0 392
10 0 528
39 139 260
4 56 581
13 0 332
18 86 523
14 14 581
6 0 551
24 0 210
28 6 581
6 815
27 329 815
61 186 815
28 0 815
4 0 537
8 0 462
58 188 595
19 65
63 11 65
3 1 65
46 7 65
37 33 57
24 0 62
27 0 51
80 2 65
35 13 46
30 0 59
58 0 60
70 2 62
13 4 26
68 0 60
25 1 45
73 0 42
31 1 65
19 44 65
2 0 24
56 0 48
2 100
1 0 49
1 50 100
8 399
34 237 399
64 0 203
11 56 399
58 283 392
12 203 399
47 108 399
28 50 399
50 118 399
22 264
59 0 183
80 124 264
105 0 164
53 189 264
42 0 243
27 3 119
108 24 264
23 82 264
56 0 242
0 6 264
67 0 249
34 56 216
41 85 154
58 0 112
30 0 186
65 65 198
117 0 218
89 0 203
51 0 264
102 0 243
66 120 264
120 109 221
46 381
64 249 341
1 80 381
16 80 381
9 0 355
55 0 285
7 60 276
2 0 183
43 0 360
49 142 381
51 103 349
8 0 381
20 54 381
56 0 190
45 167 381
59 80 381
24 0 304
5 247 381
52 22 381
3 62 381
41 0 365
12 126 381
21 0 263
62 0 367
32 223 358
23 50 381
25 82 381
19 12 381
39 0 364
14 101 381
53 4 381
17 202 381
61 0 151
54 103 325
31 167 381
29 0 91
10 91 381
5 52 171
4 169 324
40 0 299
46 64 381
29 237 329
57 0 303
26 0 198
2 211 381
34 221 362
0 113 270
1 381
44 0 219
3 885
84 0 370
81 0 601
39 63 885
