1814 1304 1698
1206
436
944
670
1241020
1223
642
353097
781
210
1212
729
963
596
1067
146
203
1240
1138
821
1294
1298077
587
32
458
632
882
767
1197
1202
220521
521770
1178
295
1768720
695
712553
87
1016
466
1001
756
1912485
187
981
452
1046
868
1909433
866
751401
26
1108
1162
1182
553
58
803
1146
44
433
1165
1029
772
442
759
1877044
525119
1217
1023
1162687
475
2333518
1055
2242488
939370
2318579
112
1199
720
748
878
1245
1210176
647
17
918
446701
601989
548024
1208
2348604
152
1039
896
643
50
1100
484
1020
1017
259616
873
154
1239
2010783
938
917
289
713
770
43
676
987509
604
886
397
1218
72
232723
356
930
744
1928238
56
316
1777730
314
524
1077
1797995
1594282
1124
480
504
993617
903
1017324
131
1456891
210170
739007
603
611
1607123
574
29
1290
894
1714058
13
1732742
1073
1090144
1125
1232613
895
754
685
363
1083
1097
2325717
1033
15
334
1197008
1140
820
305
1052
288
2063220
250
401
161
205
1620413
962
688
1010
47
1095362
1237
529
993406
1612952
392
61697
1622880
622
940
462
807
863595
833
732
217
1036
417
108
1235
1082
776
1066
777
1204
474616
126
190
824
20
586172
1227
968508
663
674
865
2080317
993138
128420
179210
1764584
605
946
138
492
358
847
828
270
218
1901176
554
532
392727
734
560
247
839
659
262
863
1030
549
2
41
808
463
279
885893
877
586
1051
354
109
861
580
125441
716
1704532
384162
905
7
686
837
757
950
300
718
1129880
902
641
215
53
661
1279
726
797
1600603
672
1145
100
1997499
1636851
1242
994
208
180
2338683
1018
805
4
174765
360
62
764
1011
934
1260
1136
384
407
1106140
860
2098817
829
1035
234
669
377
353
709
825
530
474833
297
181
1284152
423
362
250837
252
710
59782
1072
1167
57
934805
48
791
1243
739
23793
831
24
432
1192602
399
2275994
10
160
375675
342
123
1084
1025
1542597
1392551
921
311
607
826
445
592
518
678
645
336
966980
447
422
1727225
838
966
411
170
1059
1863215
958
931
154814
1288
1464011
107
564
198
1491806
1110
1068
1160
786
835
822
623
1874140
271
147
509
1201
677
1716997
815
36
753
304
1320153
1150
137765
579
357
292
324976
540
1285163
76
1022
1359438
1816942
1393068
1075400
481753
1270
702
783
1169
679
544
1275
493
969
1256
546
2255369
1062
202
1931190
477
1024746
800
37
313
21
752
715
1246
169
340
893
538
159
98
2139763
68
1301
1736237
706
365450
400
2298578
1178570
849
979843
175
1141
404
472
823555
843
122
22
61
414
328530
1216
1155
1253487
1118
347
1272
832
970
531
749
529221
264
222
558
388
1171
184
323
115
536
1115027
1103
589
710433
1804148
2106063
798
254
853
473
233
949
343
389
2186110
489
1264
1028
1172
189
869
369
1065
852
885
941
2014465
134
668
888
847116
498
121
51
848
1132
924
307
1063
117
52
722
1187
735
1095
935
943130
1271801
691
296
773
649669
697
444
525
298
965078
660
690
291
269
223
64
1257
1190
63
1137
1942581
733
178
810
246
1058
627
293
150
260
1825256
373
1524170
876
1194
1151
409
804
730
11
491
1445522
478
153
1401219
487
65
1109
1135
523
929
1119
1099
1195
696
128
990908
912788
148
811
1710904
1158
451
1504502
1363856
200178
94734
1327892
1091
654
406
25
742
310
1738257
590
7350
140
111
597
457
253
1407299
344
998
261
1253
2007388
595
1289
1483850
163
130
322
510
545481
84
1328866
168
2290581
617
527921
30
1026
923
426
191
144
1300
1122
455
345
1841378
67
329
862
769
1070
1024
857
1078
149
932
675
1111
806
980
1127
156308
125
476
813
2260672
1241
469
961
1213
823
1911074
541
63836
164
196
1032867
977
1092
1278
1050
858
243
1152
166994
664
1200674
1493781
420
25993
949033
380076
194
177
1226
957
2150118
1917706
854
1166
880
3
714119
1148
1074
568
596304
1400201
179439
2316299
555
618
1219
588
687
440
1582647
2209749
379
671
1006
2070790
374
883
723139
745
182
294
1280434
2292504
2202366
840
370
561
1298
577
335
456
203574
101
1228
1289480
937
738
1107
721
943
565
655
939
421
705
527
370357
185
1165029
496
703
1259
1279395
765
1106
1870503
195
403
1183400
356892
520
118
2165428
636
1286913
1274
2125436
622005
706988
972
375
241
500
1191
1292
1080
419
132344
1088
1263
1198
350
346
1519768
1380111
1331302
629
1688880
973
116
1419035
1056559
784
290
2186432
24151
425405
758
871
106
1302
740
820964
1925854
2045023
2176360
778
94
55
601
331
796
602
609
412
594
12025
993
530007
54333
613
910
245602
570
497
1571989
450
71
747
315
1657379
1009
382594
621
257
488
763
96
372
1161
204
274
897
1629755
361
933
1038
667
171
760
244
900
282
548
850
209
728
275
309
494258
818
2126822
325
746
157480
1999240
588543
573
528
113
959600
1154
1303232
951
1295
968
1174
1175
1173
1042
224
156
90
225
1156
516
173050
8
465
681
1220
73
536808
947
608
632688
616
18
104
318
1164303
459
337034
1064
70
704
1163
997
1168
249
577170
236
724
925
1183
1271
978
995
223961
326
42
841
338
717
2252742
207
1051087
542
1047
1040
486
2022184
16
1230
2206181
899223
1180
416
390
441294
700
1112
2086645
54
219
1049
1303
913
89
585
368
432324
988
495
836
214
1118890
809852
1002
1224
0
1188932
371
948
626
1513835
1206111
151556
109188
640
14
1210
1497880
1978692
512
130256
40
942
1149
990447
385
725
533
1147
809
201
945
242
1221
1304
283
923461
657
780
429
430
656
2094066
247734
834
438
1116
162
1258
1087
391
1056
467
1270012
986
567
1286
867
228
1484765
273
1000
919
786924
984896
1986151
239
92
470
499
1031
1013
608026
80
787
1247961
619
299075
1157
2193500
351
513
365
920
1266
1071
1265
1031492
142
483
1193
74
235144
607222
1473340
892
431
461
1101
974
814
489143
731
176
2100762
348
1177
272
979
481
610
582920
255
899
898
2063053
349
842
591
1359216
418
265
167
864081
863087
543
110
143
2013358
1044
965
395
918853
1170
151
628
1043
306
711
569
693
259
1261
1069
405
284
95
1192
996
637335
1143
120
1250
216
285842
508
1205498
999
775
547
158
1864700
441
5
352
415
232
490
650
1255
2271455
514
103
79
251
1032
976
818519
1249
2049399
1181
1134
1214007
1251
1299
1144
81
278
1153723
1130
1296
1231
364
665
1185
593
230
1014
77
1234
689155
245
1060
527906
891
1913135
227
912
964
119
19
507
301
387
683
186
572
1012
971
1086
9
792
1293
620
701
78
705342
1041
879
673
1005
984
766
576
28
714
906
1117
506
2156350
535
1
578
341
45
192
471
248
805373
864
2277632
179
819
755465
235
1280
1247
212
1484853
851
898265
1233
529753
1263314
712
1332743
1203
522
909
27
238
1297
530152
1268
1577095
166
2062826
928530
875468
795
464
1114
889
638
268
517
1003
1276
684
1120
49
435
127
750
23
1648714
314181
652
135
220
774
370354
1153
682
1239115
396
267
1589591
1207
1563138
1126
1186
642586
1179
1008
785
875
901
625
1273
1955198
1614076
312
1222
320
865377
736
908
1214
141
1061
998195
6
2102402
371690
1007
566
526
1262
2309780
1913119
904
1075
308
584
1738787
1225
382
337
1142
428
1923721
992
1102
75
256
719
226
762
449
794
83
960
222483
1609484
1236
2240305
252260
460
258
708
366
511
1525435
1232
680
1045
515
1930975
1382785
1139
536918
137
954
427
1616906
200
1129
188
1252
1269
1284406
1015
93728
1435250
634
2058676
790
990
557772
598
799
727
927
599
211
985
31
383
1200
468
721034
321
424
768
728032
624
649
1105
35
355
197
914
439
1915417
446
707
2276161
615
782
1352648
1184
1536215
1282
2102969
378
1189
1104
1283
165
434
66
474
915
129
479
135694
505
1763677
1053
286
557
635
283084
1799398
1176
1076
213
482
1027
46
1669096
637
884
413485
761
953
982
801
281
339
651
317
443
1009831
1205
86
2107193
2365144
1079
582
952
1115
1085
1114163
2336857
955
1462923
612
855
99
639
1645286
583
453
551
1215
649284
922
229
666
494
689
1096
890
830
501
630
1196172
287
1281
1819459
594198
1768371
157
1790697
332
1159
145
199
537
324
114
1054
1244
694
1143036
38
502
1188
2299376
1287
936
413
991
559
600
386
48029
485
521
821172
994882
1128
1164
60
237
552
2049395
1238
692
1205475
872
928
539
658
367
1093
103548
174
967
327
816
545
381
277
911
723
398
1768495
1113
741
206
221
1248
956
1048
646
91
263
788
93
410
648
1044052
699
606
2113819
975
1133
280
1277
359
989
743
1527586
1094
698
751
132
846
231
881
276
330
39
562
402
969973
1034
1938876
284732
987
1098
102
303
503
1105186
319
812
437
171589
1802700
916
1123
1746146
534
1037
737
530410
631
1718711
874
1310279
817
333
926
653
328
266
752354
844
1209
779
302
3095
870
133
1291
771
614
1370635
69
575
2077505
1131
633
1211
1019
1267
173
563
802
408
1489876
685019
1215465
1132011
193
755
448
859
34
845
2152305
1515119
299
1357406
887
653030
519
827
1285
124
959
88
673272
1989158
454
843031
393
394
556
1089
82
983
137900
240
105
59
1929270
425
285
183
220691
907
1254
12
581
172
1390511
571
33
1196
789
139
1121
1057
841679
1316490
136
155
1229
1021
550
376
1095653
662
856
85
1004
1284
1090
644
793
1081
380
97
