1015 940 1772
111
919846
235971
394
544346
524353
100
375893
85
21809
684014
806517
267
417
271
653947
706
769
622975
520554
824165
195
538
75
433605
260873
185
731418
139793
180239
221389
270408
536
682387
244
399
148
821515
215917
569
548458
714
652
854202
427
109960
794899
583
323937
354138
525
641
398
55815
675096
446377
795457
542
309678
294471
146788
455735
156472
590
880947
150
554472
932665
138235
285613
653463
540
568605
302
453456
391
331
736
879
543
275
265148
593801
68
519150
200
60225
728474
790767
885584
120
888592
7
933708
288969
779592
265
707
237238
590781
857274
702642
322909
314
62
813
82
886
168
535
504
190025
918396
841
247257
23
351
779
575
253
808
268414
173367
547
84944
160929
334
758
517
552499
164320
931
371
395
25
781
424
315
222991
664928
442
738497
310
759155
149
58693
562
894
155
153
217889
323530
798371
189517
806
637396
684
491
804
602248
680
889572
704
734
190
436
593
256892
190548
900
796
505
14
948892
782
335
923
763
499
438103
798055
165218
278108
380
565
277354
433
402
157
434902
203399
439200
358
568
729179
689
186
756608
937
855583
452
910458
704450
523235
397002
137026
124920
810
280908
312
93
933170
585
490
739
594
363370
165
603
893120
950770
201202
578635
320
777248
366
652578
907
473
488689
279
771
388401
196889
352926
194426
301
940
718642
897
307610
174
447
32
143110
97536
540479
913026
350
762
731
58
789
763684
770645
148762
328
759891
241
88687
406310
546
89772
65
434802
244566
761
501664
15129
194
347
113092
323
256533
854
225
493286
364
633711
764486
555
902391
582045
616911
44
204
20
826
724
687
592122
75950
435764
927007
353
745
898
500066
944675
13
116
571221
474421
683
73
248446
811507
396625
930
465668
337566
228
8
613551
232
145
680536
135712
192684
139396
819
685
296
289
626164
138
282294
6224
186450
132
156
237
386
249
802
377
286824
55
687500
516193
658
476
578
257
161449
901928
882
201832
581208
551
61605
2
866
482
924402
868016
163
937763
486
880797
152733
633
404586
175
518093
79
514
714848
637
896
790
611
741
278564
154
288
277
745445
390
234885
336380
140
130252
649
318
529
609874
343
858
113985
67
298
477
157568
345008
456971
72767
81
856
548376
33
74254
63
775
677963
229
30
247
901374
687285
3293
187
139
501350
670
833
184
642
313833
897395
648
796716
34009
80360
130
293237
626320
66
94231
212
763773
914
457
925
442425
822527
598
354
474
694472
579
8174
222
804393
604964
534753
475
91
768
64043
440
293773
219
266
441
129
213
332744
39
843
303
724427
493
218
704067
883567
141
660926
254
344
609037
79560
773
515675
278718
276
816
438
709194
37
699427
523
892
364070
208
776
187451
166
88512
176989
646888
493838
527
568084
915
628092
668358
5955
553
411
895
571
265977
480
640
606
319
43
918325
439
603040
40
492689
668
617
305
552
220
172580
572
385
820006
463
823
434
549
36323
813229
422
674
190828
912874
801322
947420
840
32186
807753
382764
376118
132146
661
929600
415187
121457
76
69
84
193
360
871132
597
167
376
517783
304143
851082
829402
747342
699
919593
281492
853296
644239
384
864
932
464941
728626
224901
255
12299
651
209741
401242
102
530
608
347208
638
667
253315
372
798998
774
351840
278
416349
772
876
268495
136
473725
492932
592561
850762
793074
805
502
109
267683
210
94
464
16258
938
817715
850
189941
669487
61
71
159
693091
908287
306
450
753121
221
710
621
550675
544
448
499577
512
482405
922965
188
97
425
328840
541600
574234
719848
589
498
100279
816410
45059
371235
700053
669468
294
784
238
472806
693085
117
121977
172431
325865
320755
596
79370
254447
882284
715
199708
8037
587
28
307
566
176637
72993
239238
220196
314859
862
706629
420
801
890
624
367053
742412
369519
832
849
204430
263
23291
720505
126
486285
248017
589234
200640
918611
435
291
541164
373
888
853
224505
311
646925
461
221234
53502
469
659
934
580
194185
263960
607
554933
223974
189318
284
760389
524098
655909
559
903009
835
536755
783316
631
744
326
729
754512
27430
350056
231
648717
277939
766
78432
320614
189528
428
879278
266512
154034
503
700
772383
234
333
541171
22
647
696797
574
626655
181
38764
140170
918
487
885
39201
52
787
746
679351
120728
726
564
413
374298
76388
42
626452
614
368835
228263
805965
584
433868
524
861078
639
506608
460
108079
418
357
671
206
290
98
449
173
207
578330
505816
90230
345901
127
510
134
403941
398285
19
725
836
529560
770
89851
752
560
743435
944034
82220
280547
9971
370322
397
582
595
397040
718423
653
729076
742073
108
38
70
124
43649
86
370406
874
776819
649555
604
532
913
125
829517
839
294611
939098
103
234917
51
554
400891
594133
15
598023
246
304
598045
485310
425451
243
263151
135
600599
755
9
594531
886404
443
95
114154
672137
828
273
287
287219
223
692
917
820
494979
617522
848763
581
542169
64
4
752816
658176
676461
838
682
634
189
760
283
797
794210
327743
256
495
854022
732
716980
742
374
465225
41
728227
191840
817446
48280
759
409
444
808099
419
762363
182
723
278514
309
613
550
865
239665
324
164
33181
602
908
317
660
445
128
725134
916
78
917463
909570
97158
119
889250
215
193297
47
541
817
557
68299
43355
280
705
872
298520
722
545
225976
718
791456
733569
622982
112
350433
321
120987
391038
827
355
887067
892561
792829
84416
144
577
345
304561
214688
785
712
735365
619
278250
757
630
710883
740097
292948
911
149958
119373
240785
818
164614
646
404
756
598160
654
363
481
403
142854
375
493080
531883
891842
903
458
295
701604
325973
566731
351463
437730
118
887
794
923073
34
348
329
695
508274
292
174389
496
338397
743915
239
388
346
106
711
252347
237470
584804
286
154573
664
269
875
893
72
666022
837
236804
224
426
203
327
863
693
80
513487
382
206452
299
60961
214
753
803
245802
830275
586359
110
548438
5
142395
691
620695
32786
502170
916642
618
470
329496
667277
672
612500
600
666
663
867
149742
274
86119
922
202
650
216
113034
694
669
855
97458
45602
415
749
27
31
851
352
159545
261
389
751326
780260
627
718595
526
906
592
128747
393
341261
696
612
822
697566
920704
509
859
897646
647971
155333
549978
831
492907
415939
143
219863
26
724991
310997
381890
665214
84463
881
922237
560367
281
471
944255
192
436960
703
235
469160
91286
196
609902
520
381
406
478
632
18
396769
361758
347484
289618
852
687175
272905
645
855438
770344
101
951392
307124
16
268
533180
122
103120
226
316
783825
233
645871
847
846786
57
616357
300
112127
828839
214039
694144
134868
50
738
188524
628744
668768
610
453
250
878
623
421876
453182
501
542332
259
858151
191917
483089
46701
539388
700257
72992
3
555627
705675
845502
506
467
826577
799
747
700796
635
822032
952136
510258
556278
534
633468
738277
44416
750
421826
429648
877
36
573656
618337
24
466
834
205
131
809
730
845
829
283905
179
446
800351
751863
60
681
629227
454
451
343576
468
422768
367
331145
170
617711
573
726851
74
337
774120
860
89
764
270
880
264
643
895832
92
141519
113
732042
891
558
850452
780
462
468943
122371
787681
459617
609
919
104
393591
379
688
1
828611
774700
681224
336
686
696639
206059
547321
364959
264594
62861
230
824
883
847435
338
754
568349
29543
785672
561672
670889
119379
203430
371940
930060
346989
365
402865
177
332
629
50303
935
313
416
258
492109
710864
160
372191
162949
898240
115986
516
163963
586
27322
274325
676
198
701
887714
161
147
338051
11
349985
495830
605
711454
121943
123711
899
825
405
180
808365
716473
528
374609
340
352404
271623
0
591
762542
176719
576
209
122795
333954
167607
107
262
497
817504
251
507256
519
140783
894739
181072
100000
511698
728
467842
479
620733
167388
431
492236
163045
500356
407
689014
274605
814
70914
921
884
920
35
489
479973
626
432
243439
884887
297
29
551508
595600
272
687272
866357
399515
115
293
687275
452500
520658
666842
926
96380
298346
829556
483
444087
7379
869
48
142
239715
690
924
657
941535
675501
606718
56
175127
930067
197
848
375654
563
513
615
793
708
903640
665
176
698936
719
904153
815
599700
252
740
903499
751
680504
798
407883
171
157661
110300
320435
871
53
465
599
114737
283883
743
429
158
789166
767
534823
242
484146
314737
610814
487384
23548
59
936
597151
677
778
258655
285
342620
662
454707
716
861
12
842
430
624974
748
693314
902
812
616768
245
896799
339
892188
731786
737
581181
458805
655
10819
423
88
227
459
114
687263
21
419147
6
909
733
625884
582430
635157
929
868
636268
77
567
24341
673
314690
485
544080
198127
628
857
151
508084
49
439221
392
548
547172
902135
901
10
573028
830
472
620
368828
939
412
224373
844
41848
704650
616
105
610513
394760
720699
720
54
933
518
754221
540088
325123
909987
172
564776
800
295054
539
846
807
342
378
622
650543
928
526305
709
325741
17
777
362
588
377466
910
408
349
456357
567129
217
552074
433759
361
520300
758848
349158
788
556
786
727
874340
341
240
87
429258
927
515
45
494
601
483727
361383
713147
521
146
167719
420531
462081
99
411061
870
836515
840714
750814
157436
178
18524
492
370206
121
767079
348998
721
123
889
720835
152
103128
625
636
643835
511
199470
783
327181
414
383
765
96
561
488
137
754345
264076
873
722772
17009
308
484
206468
193946
272887
322
330
508
177293
675
811
795
905
351949
537
400
679
191
533
61704
713
656
570
183
791
750463
799168
875608
359
535683
500
19976
678
702
369
325
214640
644
622276
368
456
46
821
451509
211
508768
441403
137492
90
199
915353
522
162
437
225762
900711
657510
717
363406
348740
145951
169
912
497822
697
844339
662503
82508
356
425041
885965
735
698
507
792
745790
236
221975
387
421
455
531
904
201669
248
412512
396
410
260
282
83
201
401
832441
913838
832441
133
131403
415179
370
