1798 1627 1091
1267
1487
1225
584
1112
739
1051
1215
1036
101
1490
878
1286
782
567
1587
1
1055
1541
927
979
394
27
1477
301
569
111
437
726
1280
558
140
1336
740
366
839
1143
1564
747
277
174
1078
575
1604
814
1341
1043
34
789
1515
1134
1216
375
951
1546
63
654
844
1034
372
463
109
1355
86
626
1593
970
494
68
458
1296
1061
993
251
542
1624
868
1127
170
117
1114
680
1147
333
1328
540
1170
615
1356
1362
150
409
1160
1237
1092
257
830
971
568
1581
635
1518
1309
681
288
1149
799
1221
444
17
1502
1456
805
941
1010
1002
1113
58
515
1115
380
1108
289
894
527
888
564
780
930
1081
555
424
889
309
1627
998
1498
57
1140
902
1399
1196
752
662
948
738
1015
8
156
287
725
280
74
504
1155
498
178
1582
1236
1011
1316
1310
1231
455
193
36
788
556
119
962
37
45
1339
77
1454
1348
50
883
522
1368
547
78
41
1401
900
215
825
1577
1173
55
599
1381
1384
83
255
1252
179
704
54
330
342
1620
832
697
1444
191
370
1001
549
723
871
523
1589
1548
71
1616
1418
1230
1016
97
656
502
412
1617
676
183
1491
1342
123
775
1093
1346
42
802
1300
1567
712
1359
1493
1133
10
895
1026
59
794
1324
133
1455
715
659
1501
1032
850
585
411
632
698
1536
388
238
53
1520
1241
479
1391
1086
313
849
1224
1584
1371
62
574
105
956
282
631
396
164
235
536
491
1274
1025
89
1504
532
1226
253
1543
928
52
916
418
1239
1419
1206
612
638
1489
1288
175
363
1562
657
1217
1385
148
786
1029
1554
137
1572
770
28
369
1353
639
91
151
1174
1574
51
728
921
1320
468
949
265
343
1505
1459
582
230
497
665
268
214
1432
1199
12
11
360
1261
126
1203
519
1222
1282
1525
748
513
155
602
1547
1157
620
1075
1465
592
913
996
1535
702
76
16
436
946
1186
683
687
1621
460
88
590
982
1506
1434
640
1295
810
310
1079
402
1480
283
1193
978
389
1062
192
1129
1495
1091
1182
809
1403
1323
1571
115
368
482
114
1126
120
909
866
222
1357
1287
1311
143
1367
1238
1513
1227
1404
316
139
977
212
1458
864
415
1361
1445
1366
741
1472
627
685
1334
250
1281
35
125
981
1414
1255
1030
835
1373
1166
559
1044
354
813
487
197
910
323
344
4
304
530
1077
1312
449
1005
367
571
1171
1172
716
407
1035
25
1510
1451
1080
176
26
1360
499
1585
1439
272
1022
750
694
1273
1441
943
1475
1447
40
1389
1198
966
356
1492
244
1420
65
903
958
545
298
1449
897
266
348
1124
187
145
1007
841
165
284
1184
439
98
1496
1539
1476
705
811
1076
464
1470
381
219
1197
700
969
520
633
128
1591
1278
1202
365
9
766
1416
613
1626
317
936
822
755
651
252
609
1246
959
823
1369
1608
1568
1068
130
1494
428
296
209
829
1175
922
796
393
374
1313
49
1301
1588
144
671
1259
75
798
1398
417
677
695
1387
1321
1279
1575
643
1243
1595
1560
1354
443
610
727
1275
709
154
295
1329
650
254
7
1063
1538
398
833
1163
562
765
1228
1153
1426
533
31
1352
965
350
19
1106
826
872
875
537
990
406
961
682
668
1413
213
56
450
1204
641
327
803
1526
1422
448
666
653
1187
184
1450
957
1118
692
987
1497
795
787
717
216
167
1457
303
225
163
1256
1466
162
477
1583
202
345
1542
1623
1054
1253
38
1517
524
663
442
701
475
1004
1056
1074
714
1613
1594
113
227
1460
261
173
778
1158
1326
0
1240
1415
988
746
858
1430
703
419
1070
489
1573
383
1205
423
378
1468
60
1183
85
453
243
1511
1297
299
339
161
142
267
619
121
384
30
642
1139
976
997
1073
847
23
438
1417
269
1379
196
278
896
311
554
577
1527
1523
646
199
1104
1514
853
745
410
1168
929
999
884
486
769
945
431
733
1540
433
43
1372
1534
1046
1049
324
362
1131
586
1212
1045
426
102
1607
279
1218
820
1592
470
337
684
1167
73
1537
869
1012
297
390
262
690
1412
387
1220
427
557
229
863
563
1123
1610
985
995
505
47
135
1138
919
481
1442
989
1033
1195
14
1038
901
336
416
29
476
588
1532
1438
645
674
812
776
931
1427
846
1169
302
1245
1141
1146
980
855
661
679
1263
480
1622
157
1396
1181
377
1285
1135
912
1586
1479
21
1098
1219
312
960
1393
401
790
346
625
1151
334
673
792
629
1165
200
110
1247
1395
751
1425
1232
1269
756
1018
408
553
1136
779
899
1188
1375
1107
116
1382
911
195
39
1122
467
1565
386
824
1374
707
848
1370
587
579
1376
819
711
1314
797
465
3
503
472
1229
885
1162
892
203
719
1159
1545
138
760
617
332
1550
1570
171
761
1406
325
307
454
1298
731
355
159
456
13
1349
94
392
1435
1178
84
351
201
239
1553
492
446
208
500
893
881
608
1319
1484
1557
541
838
918
764
1024
1333
1461
905
1242
67
598
478
466
867
483
773
580
1552
950
180
1179
763
391
637
399
1270
308
328
1185
926
1000
1102
414
1551
1271
474
648
785
856
169
688
237
1486
1097
1561
953
1528
488
64
1150
147
622
379
1469
462
807
573
1437
471
99
506
207
552
1549
131
1386
1599
228
1462
1260
1042
1095
570
963
430
1602
341
349
729
190
742
1251
664
1473
432
96
854
177
211
837
1250
318
1130
601
100
1276
907
1262
1214
689
198
594
1100
186
600
397
1605
974
816
80
347
1423
1119
461
242
1293
1116
340
2
382
937
1048
1057
1377
24
873
882
1614
1125
1283
122
1590
1512
1233
517
759
166
6
1266
371
1047
904
1482
