1366 1918 1284
1009
435
971
689
535
1255
1068
191
389
1003
830
711
566
856
44
1272
1070
431
242
619
260
26
205
613
820
446
1092
680
1341
83
589
1058
1121
1142
950
356
1261
657
1273
443
537
1361
112
342
35
1100
818
1178
1031
103
621
1266
1047
355
611
1191
641
1076
1203
773
1132
612
1312
161
52
67
351
1313
375
1067
239
1183
1019
1315
429
54
940
1164
284
669
438
997
314
688
249
608
5
25
368
789
1303
1122
391
149
358
774
821
490
454
331
444
125
770
723
1091
1010
806
1240
620
1046
163
1300
1156
309
648
546
382
597
542
790
148
93
427
1073
939
838
639
317
905
984
781
329
408
1359
651
1349
485
165
825
60
643
286
764
1022
1220
901
585
655
923
1302
817
1194
823
1088
108
880
715
1283
1115
819
345
1256
299
605
810
1311
1083
717
796
885
1179
1120
85
656
938
1334
385
1291
1200
229
1263
484
992
1223
411
475
847
917
471
155
273
41
18
47
1016
509
1102
827
961
40
371
553
323
1060
632
875
487
420
831
706
698
23
583
1295
195
1274
306
228
993
152
1081
564
1224
268
945
853
373
1044
101
180
462
570
1064
171
1235
121
1213
685
501
607
394
388
1170
319
448
45
311
1113
1363
90
1123
1087
318
981
75
94
598
1099
1169
133
362
635
357
404
1049
565
1011
302
354
785
468
1328
80
220
633
1096
140
395
843
426
65
1138
536
792
1162
285
596
1351
217
334
423
1052
196
175
95
109
1114
1259
935
746
834
188
1251
1320
833
216
122
1187
1157
1177
1193
733
936
864
708
1063
661
16
503
562
681
1265
728
725
1362
550
897
469
62
114
419
88
1282
658
854
719
433
221
617
1299
1243
126
1292
245
460
466
499
428
660
529
244
235
873
973
43
225
206
1317
97
1296
328
816
8
1357
679
486
730
586
1017
1267
406
850
750
510
262
414
1134
237
845
422
410
1155
412
1262
1207
1354
1278
517
214
186
829
194
1215
1254
919
129
259
771
1347
1079
1080
751
74
1197
1218
545
979
1293
166
606
1109
512
601
346
759
593
866
858
1330
170
301
690
267
1352
1360
348
603
347
1270
710
1001
164
555
110
398
452
185
255
157
659
1309
676
400
994
1165
1026
1188
999
731
772
826
1305
795
1051
98
667
73
1004
250
1101
631
151
470
959
1043
123
1233
716
87
1335
289
918
177
313
916
559
797
307
1321
548
488
13
584
995
637
204
778
447
652
226
761
274
557
859
896
1286
1356
1318
1175
266
1005
10
232
1279
662
1095
1325
51
178
1297
857
257
930
1059
106
1182
409
370
523
377
91
1222
855
1176
291
720
131
871
1008
1190
913
709
1034
618
440
1355
1239
1130
1253
952
1045
326
921
498
814
739
915
1054
1229
989
264
1065
1242
1118
970
1163
441
1020
215
960
1232
330
592
881
337
17
46
942
996
578
1150
749
173
932
288
705
666
455
174
805
1097
1072
638
477
272
472
909
450
213
965
713
158
387
1284
1304
243
1345
240
1107
571
304
515
1158
626
622
726
1306
167
1128
1129
724
59
1323
247
1030
1219
1364
162
1201
600
492
360
14
211
367
775
282
1089
28
599
1246
312
20
111
755
116
892
954
837
727
544
1093
798
682
265
56
1350
925
1248
1029
610
281
754
787
463
1212
156
494
253
1143
324
1192
737
812
201
102
587
851
104
1275
432
867
721
1117
1025
756
976
1012
1075
645
986
1145
84
280
1014
321
502
296
277
654
884
1264
783
383
344
1260
642
991
89
417
1174
1152
197
1053
63
889
1094
624
520
552
29
646
1013
384
483
630
966
479
668
246
802
890
415
190
628
702
768
338
138
231
738
504
278
539
465
480
1085
822
1127
1040
1103
579
700
403
563
212
910
640
538
1056
500
1287
269
203
224
270
207
714
120
1268
343
31
590
350
735
692
928
434
1230
575
946
886
124
48
402
1000
1071
64
753
615
824
119
222
1147
310
675
241
416
295
664
650
677
549
962
534
1231
594
757
1108
320
481
1021
1276
15
1221
765
1154
292
233
525
766
57
380
1062
852
293
800
729
581
980
1116
941
922
1186
556
100
489
1336
907
160
1141
223
722
828
1210
413
849
696
841
308
767
1298
251
365
332
76
7
491
978
987
1202
511
691
947
1338
958
349
464
1171
879
150
951
1348
189
1039
697
1236
39
780
458
614
1324
985
1227
674
788
230
118
1241
1346
19
457
369
202
777
748
141
401
998
1173
776
1105
1322
305
1126
895
684
1269
809
1329
55
37
956
877
887
68
747
445
903
325
799
740
1180
665
507
298
1061
453
1237
1146
1055
50
378
672
1211
891
449
96
132
353
146
527
929
359
1050
252
508
846
944
200
736
218
117
79
442
476
386
762
69
424
844
522
982
439
275
870
693
1289
977
1006
1343
1294
473
647
1281
1238
115
1204
1124
478
1135
968
752
287
1228
1027
474
1112
496
1316
591
547
1308
1288
142
1249
602
1066
609
113
1277
184
1024
1038
234
678
467
1333
372
513
694
904
1358
1214
128
975
988
1198
969
261
1168
27
900
1337
1153
316
437
1144
2
0
168
397
294
911
1028
238
1007
1090
653
1332
1002
1041
576
955
1106
1216
30
567
670
147
505
34
139
430
990
521
1195
763
336
192
366
290
11
1185
1160
569
1326
187
732
393
154
1137
1244
374
315
1314
683
883
1252
874
12
3
1310
1331
882
743
1111
182
1033
865
1015
364
699
842
297
1149
482
198
1208
179
1217
1205
396
514
949
1018
839
807
948
1301
1110
888
532
832
33
902
495
718
77
1104
135
107
861
872
518
687
258
193
1307
540
1257
1285
957
701
136
130
208
219
604
36
399
181
390
561
516
588
983
926
1069
1048
793
92
931
1258
199
81
868
1131
760
506
533
493
836
1140
541
1037
924
974
813
863
526
1023
327
99
421
573
811
21
66
580
963
418
1199
1119
1133
634
1280
1166
934
1125
134
1148
1042
1139
860
333
577
876
279
899
560
625
808
78
1327
236
644
405
361
972
436
71
967
38
379
137
914
530
172
169
786
392
303
70
524
339
82
784
742
794
1086
920
58
595
24
574
407
248
572
1082
627
283
769
1167
176
459
4
543
906
1209
734
86
49
1340
840
1057
210
1084
551
1196
1035
127
32
1036
744
1172
1342
1206
335
927
791
933
912
636
263
869
629
623
616
451
943
782
1184
322
1365
341
9
558
1339
456
835
1151
741
1366
