165 161 167
145
64
140
0
111
114
137
142
118
78
144
4831
159
105
31
5
48
153
139
116
150
44
103
10
30
119
90
129
51
131
154
62
102
124
94
148
121
49
127
125
151
61
136
2
29
11
161
32
20
13
42
18
73
93
14
99
41
75
132
71
74
110
55
52
147
12
7
67
8
106
19
19508
45
95
28
81
109
76
15
80
72
22
36
53
59
92
65
43
86
117
16
10257
39
46
128
26
101
77
100
68
66
104
126
60
58
63
4
54
47
96
56
22645
115
108
21
160
38
107
9
156
83
9687
130
3
146
122
24
120
157
34
91
82
87
138
158
88
85
123
133
23
98
40
155
1
143
35
79
69
152
57
33
135
70
27
37
141
113
112
25
149
6
84
89
50
134
17
97
