1015 1239 1293
593157
617138
1227216
930
185056
574
1002
298
77
64
202
643
564625
119
389050
212
1248942
465
460
801149
924
89
914
682
257
97411
131
419
105
585
234423
454
434
857
90
852
664
430
807857
539057
626999
399
70
839
353
459
515
361
86551
510
474
902
819
704
269
330
462
797334
328
699
62
990
583895
652
641
736
277
231
394
491
478
856
828984
479
918
775
373
714
242
882
32493
863
841
162
153
893
801
900770
165451
766
584
413
189
60
773
61
459203
39
879
496
686530
1084200
805
170
93995
225
939
336
343
994018
669
1013
905882
565
881
682895
21
937
1193675
798317
259
422
848
464
118
587
73
475
229
1008
916961
555
587595
38
208
653
196
830
814
15942
791
607
550
272
1117090
999
986
142
469
971
266
210
449
174
975
512
530
102
514830
672147
789
378
867
688
11
29
164
1131551
415709
36
979
120
227
198
854
729
897
408
816
485
561
983
495
501
59977
554
716
65105
76
656
71
390
1244988
99
307
271
342
241596
306
799
397
836
567
753
718
639588
255
128
364
392
883
983789
3
548
996
360217
603
719
386
553
184
865
545
542
880
428
726
400
835
681764
410
903
455
205041
942064
660
406
246
519
1202522
58486
318
183
152778
47
572
169172
796
463
675
759
1110757
85
886197
326
855109
624
50
810777
273
141
253
352
619173
296
715
826
913
782
923
235
601
190859
477
884960
689
606
813
785
382
468
685
148
261
234
590
711103
972
629
111480
59
756752
451
343349
199
824
573
1045926
532086
540272
213953
288
592
728
911
348
321
651
890
944416
217
723
821
165
858
906
88595
367
394188
749
599221
273444
181096
922453
446
818
389990
681
574762
696
683
389
869376
507542
845
310051
369
704614
401
605
626100
850
403
995
46
878703
1026457
849
1209199
133
183259
63
75
505
1008305
943
219
30
121
280949
244
402
172
107
68
144
656523
339
571
765
488
101
6964
448
356360
299
372
777
772
833
929
204
421359
866
864
684
566
239
461035
319
1051099
486
597656
803075
625
4494
499
230
268
316
927
34
27649
611
588146
117
892
722
615
103
671157
93
739
805854
960
113
325
339169
346
281
1110546
522
926
670
649
286
577
700
1032383
81
779
570
265
426
415
157539
647
84
44
249
157
437
480353
140
873598
950
558
992
474401
301
691
502
177
366
679
718724
899
393
385485
500
530063
595
705
747
815627
179
260
146
521
905
1036273
1003
171
928
692171
358
349
438
370
957
490
92
17
825
541
953414
822
454693
4881
788
966
760
734
290
20
531
564
757
302
1005
945
631426
263
355
262
429
769
354
988211
699478
143
67
388
834
456
898
654
518
854127
855
667
362816
398
619809
476
827114
708
175
116
334
658962
935
686
829
14
282
211
815
931
487
659
752
106
41
223
1195385
551
345
792502
716191
350
335
1012
698
674
252
316049
891
360
548920
974
623
534
46236
1004
638
748
727
7
97
823
344
1094239
489
79
246189
642
662
538
216
618
612
1129346
161
948
697
494
98
432
764
377
508
226
894
470
379113
96
725891
593
425478
1085938
375
163
322
673
23
32
715442
2
190
582
952
982
751
279
602
962
427
552
503
445
639
953
15
870
414
861
791825
145
110
591
610
569
1011
238
407
955
808
430004
72
129
754
35
280
187
340
109
516
45
418
989
978
921
192
725
801495
224
385
1010
846
546
22
135
597
1112017
990816
323
497
91
515974
315
467
745
33
683131
284
1024544
80
134
896
441
650
874
43
389675
1156286
812
781
930054
731
520
215
365
998
157493
693
549
634
694
291
917
294
132305
544
325320
1239233
396
83
294774
423
954
483
594
758
185
151
37
54
114
1
356
993
213
233
703
724
1139914
758234
239920
575
837
197
441146
458
524
806
973
13
657
807
483041
411
25
925
545839
111688
27
166
828
354051
247543
1113455
579
74
65
851
472
5
936
304
187552
559
523
640
57
742
285
1085668
313
417
701
264
877674
312
168
755
1069825
250587
362
274
771563
832
750
443
711
111
58
803518
193
289
28703
436
91810
756814
405133
371
875
1013163
243
842
662108
604
667222
385259
692
680
389561
222
8
1207130
491703
707
166256
275
663
150
49
482
980
845342
310
792
391
768
721
560
511
507
790
98549
709
207
797
422872
951
159
138
868
123497
985
668
1252147
901
539
26
444
492
956
1129998
293
176
732
124
648
922
626
256372
614495
811558
437011
687
286849
10
206
86
333
920
240
368
151899
876
104
568
670009
292
672
309
547
290979
712
793
878
255970
981
778
404
645
481
622414
169
237
553914
1014
946
987
943583
173
42
300
970
78
619
130
395485
622992
1015
155
630
466
1058302
795
644
87
810
900154
108
909
784
147
525
776
915
148341
600
964
537
1058716
536
424
887
767
205
56
12
270
791856
1116578
395
844494
311
988
188
586
442
351
525172
374
774497
303
831
535
974678
967
944
236
794
347
1184672
713
31
513786
938
846791
633
383
157751
232
376
840
820
735
453
4
884
1164023
450
762
933
1108029
201
1153030
19
720
1006
89145
817
809
598
1054877
842056
860
949
556
578
25837
341
910
194
526
737
0
596
258
997
40
942
961
359
28
429181
220
439
1009
580
158
53
730
51
24
218
416
1001
301710
912
409
1068793
337
139
1217356
457
88
583
542504
771
653515
588
195651
671
132
45467
763
696391
941
627
977
247
387
678
706
181
908
608
471
872
562
245
528
76128
529
480
180
287
514
636
994
946352
702
278
160
112
604
513
137
673344
499848
869
554568
357
581
746
695
517
384
844
559012
774
440
221
420
934
122
838
889
780
267
622
6
331
589
904
145734
276
305
241
200
363
800
1231133
563
167
754778
209
756
740
847
741
251
557
95
969
576
50530
783
421
717
770
609
277330
907
527
149
443684
228
744
632
590513
461
302267
859
338
484
66
628
324
540
125
617
256
873
658
425
963
532
867293
605602
802
965
452
354742
381
888
266636
991
843
1113095
710
504
329
655
1057372
1062172
433
379
16
195
900
733
123
862
412
162923
804
332
69
616
447
48
509
308
871
4954
214
895
156
811
405
690
676
976700
100
637
761
362605
618377
743
314
984
959
613
81503
18
644553
1000
543
295
614
1209217
380
320
786
599
919
1111666
533
157706
798
609068
82
9
435
853
261786
631
498
191
521942
947
126
136
827
693694
787
248
619906
877
666
1117766
916
738
1007
297
968
178
493
661
473
665
254
621
635
646
803
22002
431
52
506
94
677
187169
958
580321
317
154
250
226658
603567
976
283
886
620
940
642561
115
203
152
127
182
932
885
327
186
1072622
55
