1267 1196 1101
226
106
249
493
785
640
621
469
858
219
1116
455
530
722
1193
12
995
1176
590
247
398
729
578
791
484
31
712
376
948
942
236
360
0
934
355
305
1023
2
728
979
442
294
1114
377
637
993
402
960
500
412
1062
230
56
320
1117
354
717
870
655
58
1093
147
108
678
730
461
752
649
1064
446
1192
148
537
1051
1177
293
454
1097
1026
499
1196
1181
697
607
933
943
631
536
260
771
1142
275
193
498
505
443
366
574
127
539
94
408
205
250
889
289
1008
568
814
978
835
1090
137
102
711
839
790
820
431
613
788
223
638
911
554
532
1153
670
1143
77
1179
654
1047
567
907
909
400
79
899
1069
1186
843
10
451
1015
588
122
1095
208
533
916
1005
860
817
1125
235
792
131
172
1160
84
904
614
154
809
415
248
331
612
641
1132
668
1148
33
146
900
351
263
157
1037
439
28
529
309
418
1035
50
363
556
286
345
1138
115
1159
1123
974
526
748
22
18
241
924
553
492
661
130
240
1112
1050
287
765
1065
534
497
705
706
362
511
719
915
563
136
438
969
234
720
977
199
1184
854
520
687
20
774
170
1039
63
1170
467
1155
747
473
680
261
26
1145
1126
714
675
646
184
1040
755
475
1164
1098
203
1058
386
1183
197
716
566
24
513
243
138
981
341
128
630
579
910
1022
1029
708
429
43
855
856
991
1163
773
1004
152
733
1121
838
610
364
488
69
544
849
881
620
667
123
222
1003
1175
1151
405
1131
85
76
32
1141
396
845
894
220
965
192
757
572
372
775
723
1169
336
462
868
644
299
875
482
1149
825
369
896
601
777
504
1086
224
104
179
1089
1046
591
300
696
673
760
1060
97
164
169
59
850
652
632
1020
803
893
863
281
681
983
694
483
507
548
508
968
1113
512
1094
113
1034
1066
124
816
200
709
397
598
51
1099
651
175
622
812
1067
452
392
1108
314
570
698
837
1019
864
531
1053
242
583
997
1172
901
7
489
491
869
580
1185
518
1189
61
273
162
105
381
188
1122
5
600
1077
676
950
715
311
55
926
611
742
318
485
399
660
181
898
349
874
21
1165
255
435
1152
707
464
268
1190
1012
389
86
653
74
623
463
54
1161
789
949
68
713
882
1180
233
832
557
671
195
859
593
194
187
216
45
919
522
160
198
764
196
806
726
357
897
1187
109
380
151
879
927
937
403
1092
1188
1072
245
292
819
204
1073
1135
448
440
288
29
829
121
1115
65
176
581
470
871
67
725
551
599
350
992
316
296
594
150
1010
1150
1079
684
918
168
538
343
932
1032
624
368
575
477
980
1168
44
411
501
784
1134
1038
759
925
931
930
140
689
872
265
430
315
852
348
753
609
471
519
277
1154
996
98
328
1100
877
506
394
886
923
602
1024
310
178
36
1018
1028
46
25
984
1011
23
1000
645
750
846
371
994
587
47
416
284
479
302
966
96
738
53
779
954
38
301
42
391
735
836
1084
126
1
271
421
237
278
683
917
1052
410
976
741
1109
1016
125
460
143
11
766
159
78
344
171
244
970
527
459
800
702
616
1013
772
332
103
634
988
308
132
795
650
417
456
3
307
177
704
101
1139
238
89
1043
280
847
40
524
211
436
692
321
365
906
595
1057
562
560
1147
16
830
516
13
149
731
120
724
384
256
370
573
929
1056
1014
449
1140
352
1102
414
1074
691
447
768
323
523
413
884
155
468
1071
828
815
810
891
231
214
142
135
842
378
767
221
821
892
441
110
87
1103
541
883
888
262
254
210
239
401
282
1101
592
153
212
1007
375
419
666
1087
685
383
17
165
57
393
963
134
267
19
1068
218
161
81
805
804
495
908
699
266
867
693
274
1036
509
721
627
502
117
246
798
558
657
586
1044
582
382
545
306
786
528
922
163
1157
75
1042
30
608
987
270
754
367
857
213
762
853
540
618
1059
740
756
334
951
353
851
964
648
808
232
480
912
794
496
1127
1105
1137
695
80
799
664
217
686
744
961
167
304
763
597
514
158
743
83
552
1030
672
1002
1049
1075
1017
359
258
313
129
487
585
525
437
962
229
571
921
913
319
1111
166
985
91
807
776
903
674
433
739
802
295
66
317
770
780
939
1119
253
330
427
458
972
144
1045
41
476
326
535
967
734
145
1027
276
107
283
880
1055
982
848
905
861
420
549
272
1133
373
251
1041
958
340
139
1006
550
822
329
895
663
606
201
783
596
1174
758
1171
202
209
778
561
466
71
457
862
940
824
542
999
361
710
207
100
312
1054
787
890
303
647
823
745
844
902
543
174
426
643
732
388
269
659
1083
1078
39
1178
736
953
215
639
337
818
737
1191
576
503
1129
605
826
390
264
827
619
941
1156
15
374
379
677
82
569
873
90
833
1081
257
1076
559
662
636
751
14
9
385
515
486
424
547
727
93
517
387
1162
998
936
279
1070
347
346
669
834
252
1009
642
325
478
225
665
133
589
70
114
27
811
423
1061
866
626
1130
1136
656
206
1091
635
190
72
1085
432
1096
510
971
1106
577
338
342
444
92
6
938
813
555
1063
298
1001
141
434
227
116
878
445
688
1031
1025
1166
944
183
955
60
62
957
173
95
700
481
339
1128
34
327
887
1167
973
494
52
956
865
73
521
8
335
1033
565
914
1048
35
191
297
118
1120
112
1107
422
322
48
