500
113 3 2
31 1
42 2
91 2
3 4 2
2 2
1 1
1 3
4 4 2
2 3
3 4
4 2
237 77 2
212 65
101 72
46 47
3 3 2
3 1
1 3
2 1
26 47 2
21 7
1 30
8 43
173 44 2
143 12
80 26
129 22
300 5 2
2 3
15 2
300 5
214 3 2
101 2
68 3
85 2
148 195 2
18 127
16 35
77 189
99 3 2
18 3
75 1
20 2
3 3 2
2 3
3 3
1 3
3 3 2
3 1
2 1
1 1
245 270 2
17 71
135 265
76 145
226 61 2
118 38
84 50
213 36
3 3 2
1 3
3 1
1 1
249 262 2
173 108
144 110
53 92
89 133 1
7 18
9 56
199 299 2
36 203
10 26
93 85
3 187 2
2 63
1 22
2 78
64 245 2
5 28
17 9
22 240
24 6 2
7 4
5 4
21 1
300 300 2
1 1
1 3
3 1
160 149 2
75 15
76 149
22 8
109 300 2
31 290
66 235
76 294
3 3 2
1 1
2 2
3 3
149 7 2
41 2
121 7
117 1
294 106 2
251 56
19 44
248 28
44 170 2
9 42
25 61
42 46
67 25 2
32 10
66 3
21 18
4 4 2
1 1
4 4
2 2
3 3 2
2 1
2 2
3 2
3 3 2
2 3
3 2
3 3
104 271 2
20 198
73 242
41 62
145 289 2
43 39
50 258
107 247
258 275 2
189 123
19 40
161 227
3 93 2
2 9
1 51
2 53
3 3 2
1 3
2 1
3 3
3 37 2
3 29
3 35
3 4
196 284 2
166 92
88 177
39 240
3 3 2
3 2
1 3
2 2
141 267 2
131 38
1 215
3 95
3 3 2
1 1
3 3
2 2
226 209 2
148 7
177 8
222 185
3 4 2
1 1
3 3
2 1
136 3 2
125 1
21 3
52 2
104 3 2
47 1
64 2
79 1
298 3 2
101 2
276 1
259 1
3 3 2
1 1
2 1
2 2
4 3 2
4 2
1 1
3 2
4 3 2
4 2
1 1
3 1
250 169 2
74 30
35 60
115 56
4 4 2
3 3
2 4
1 4
111 3 2
6 1
2 1
33 2
228 3 2
65 2
112 2
207 3
158 34 2
135 16
61 7
66 11
3 3 2
1 3
3 3
2 2
4 3 2
1 2
4 1
2 1
4 4 2
3 2
4 2
2 2
3 4 2
1 4
3 2
2 3
3 4 2
3 2
2 4
1 3
198 3 2
55 1
177 2
71 1
4 4 2
1 1
2 1
4 1
267 141 2
37 110
151 96
107 43
4 4 2
3 4
2 1
3 1
230 75 2
201 29
103 10
123 51
126 37 2
112 34
14 21
21 24
3 3 2
3 1
3 2
1 2
3 3 2
2 2
1 3
1 1
298 116 2
20 54
42 64
181 36
3 3 2
1 1
2 1
3 2
265 212 2
190 124
249 112
97 89
224 213 2
48 133
146 139
57 84
296 3 2
88 1
237 1
65 2
4 4 2
2 3
2 2
4 1
55 70 2
50 70
2 64
21 28
4 4 2
1 4
4 4
2 2
3 267 2
2 189
3 88
3 150
3 23 2
2 7
2 2
3 9
111 31 2
65 15
35 4
107 5
84 219 2
42 214
22 155
50 131
4 4 2
1 4
1 2
3 4
259 179 2
141 162
185 106
101 127
3 3 2
2 2
1 3
1 1
4 3 2
4 3
2 3
1 2
3 13 2
2 11
3 7
3 8
90 125 2
31 64
79 107
63 117
4 3 2
2 3
2 2
2 1
225 16 2
93 10
34 5
146 5
152 125 2
142 29
107 118
124 64
4 4 2
1 3
1 4
4 1
4 3 2
3 1
1 1
3 3
4 3 2
3 2
4 3
1 2
25 65 2
5 10
6 16
7 9
250 44 2
1 12
160 28
194 31
171 234 2
58 26
69 153
83 50
269 3 2
68 3
28 3
76 3
3 3 2
3 3
3 2
2 2
48 230 2
5 227
26 141
6 110
188 227 2
88 218
74 176
70 79
3 292 2
2 41
3 147
1 95
134 195 2
95 91
74 21
55 111
3 3 2
1 2
3 3
3 2
3 276 2
2 102
2 208
2 128
4 3 2
1 1
4 3
4 1
4 4 2
4 2
2 1
3 4
3 3 2
2 1
2 2
3 1
3 3 2
3 2
2 3
1 3
180 3 2
75 3
1 3
112 2
4 4 2
3 2
4 1
1 3
3 3 2
3 3
3 2
1 1
3 3 2
1 1
3 1
2 2
150 202 2
28 194
28 163
23 54
225 143 2
130 66
57 15
71 34
3 3 2
3 2
3 1
2 1
291 296 2
261 138
118 264
18 94
50 139 2
44 45
6 120
5 60
142 5 2
126 5
29 1
49 2
3 3 2
1 1
2 1
3 1
4 3 2
4 2
1 1
4 3
8 8 2
8 1
8 8
1 1
19 3 2
10 2
1 1
2 2
3 294 2
2 133
2 29
2 136
3 3 1
1 1
2 2
47 3 2
46 3
2 3
36 2
3 4 2
3 4
2 1
3 3
103 239 2
60 194
53 70
103 189
267 136 2
100 69
55 84
242 32
4 4 2
2 4
4 1
4 3
3 5 2
1 1
3 2
3 1
285 188 2
37 170
182 88
284 169
94 277 2
38 46
46 229
43 39
3 191 2
3 184
2 46
1 113
3 3 2
2 3
1 1
2 1
94 3 2
35 3
42 1
69 2
4 3 2
2 1
3 2
4 3
3 20 2
3 18
1 11
1 5
203 271 2
156 138
147 155
154 197
56 64 2
9 22
31 55
30 41
196 103 2
55 12
31 70
68 53
3 3 2
1 1
3 3
1 3
4 3 2
4 1
3 2
1 1
4 4 2
4 1
4 4
2 1
4 3 2
1 2
3 2
3 3
3 3 2
2 2
3 3
1 3
53 59 2
52 39
9 45
9 35
4 4 2
2 2
3 1
4 4
296 231 2
220 166
98 17
194 46
272 47 2
155 20
148 20
101 33
4 3 2
3 1
3 3
4 1
3 90 2
2 32
3 52
3 31
3 3 2
3 1
2 3
1 3
259 110 2
66 23
226 78
152 57
3 3 2
1 3
3 2
1 1
3 4 2
2 1
2 2
1 2
39 189 2
7 53
23 32
20 27
163 44 2
147 34
52 10
91 15
3 3 2
1 1
3 3
1 3
198 3 2
7 1
50 1
103 1
101 3 2
33 3
15 3
23 1
3 3 2
1 3
3 2
2 1
3 3 2
3 2
3 1
1 3
4 4 2
3 2
3 1
4 2
3 97 2
1 67
3 9
2 27
3 3 2
2 1
3 3
1 1
94 26 2
29 21
61 19
22 19
4 4 2
4 2
2 3
2 4
3 3 2
1 2
2 3
2 1
23 3 2
3 2
8 3
21 2
4 4 2
2 2
4 2
2 3
3 95 2
2 67
3 88
1 13
4 4 2
3 3
2 2
1 4
3 3 2
2 3
1 1
2 2
3 3 1
1 1
2 2
4 4 2
2 1
4 1
2 2
3 3 2
3 1
2 3
1 2
176 3 2
159 3
79 3
42 3
4 4 2
1 2
4 3
2 2
260 248 2
212 121
112 198
193 141
268 3 2
251 2
170 2
158 3
4 3 2
3 3
4 1
4 3
290 208 2
49 148
77 103
170 60
3 3 2
3 2
1 1
2 2
297 3 2
153 2
222 3
27 1
255 81 2
74 12
4 67
27 50
4 4 2
4 4
1 1
3 3
144 3 2
89 3
100 3
129 1
3 3 2
2 1
1 3
2 3
258 3 2
163 3
211 2
191 3
3 4 2
3 1
2 1
1 3
3 4 2
2 4
1 2
3 3
285 209 2
182 20
125 50
228 189
4 4 2
1 2
1 3
1 4
75 212 2
29 10
7 63
14 54
298 35 2
61 20
83 34
66 34
3 33 2
3 7
1 18
2 29
290 128 2
234 49
126 102
147 71
3 23 2
2 20
2 21
1 2
19 99 2
9 50
7 20
16 44
4 4 2
1 3
4 4
2 4
4 3 2
4 1
3 2
4 3
135 109 2
26 108
35 44
133 76
88 83 2
66 62
69 43
25 57
273 291 2
61 163
120 29
231 45
228 74 2
165 60
155 6
100 47
160 111 2
5 33
22 20
82 2
289 211 2
225 65
159 6
89 13
299 3 2
9 2
217 2
138 2
3 3 2
3 2
1 1
2 3
3 3 2
1 1
2 2
1 2
3 3 2
1 3
2 2
1 1
3 3 2
1 2
2 3
2 2
4 4 2
4 3
2 3
2 1
300 5 2
2 3
15 2
300 5
15 14 2
4 3
2 8
13 9
265 279 2
147 63
81 114
59 273
180 160 2
76 144
177 64
151 55
53 220 2
34 30
38 1
3 7
3 3 2
2 1
1 3
3 1
3 3 2
2 3
2 2
1 1
100 197 2
9 189
63 138
11 143
160 163 2
38 130
112 4
58 86
6 35 1
6 9
6 10
4 4 2
1 2
4 3
2 1
3 3 2
3 3
3 1
3 2
3 3 2
1 3
2 3
3 1
4 3 2
4 1
3 3
2 3
4 3 2
4 2
3 3
3 2
99 154 2
64 39
37 31
61 5
3 107 2
2 3
2 98
2 36
3 3 2
3 3
2 2
1 2
148 210 2
16 80
70 65
148 159
4 4 2
1 2
3 1
4 3
241 3 2
24 1
88 3
194 2
4 4 2
2 3
2 4
4 3
4 4 2
1 4
1 3
3 1
67 25 2
32 10
66 3
21 18
3 3 2
2 2
2 3
1 3
276 3 2
161 3
177 2
89 2
17 3 2
11 2
17 3
13 3
199 288 2
190 109
125 55
178 116
110 28 2
95 24
49 12
66 10
3 98 2
1 12
2 2
1 81
3 4 2
2 3
2 1
2 2
3 193 2
1 69
1 37
3 181
217 9 2
213 5
194 9
114 4
3 294 2
2 139
2 81
2 220
179 279 2
173 19
21 242
166 168
3 4 2
3 1
1 3
2 1
135 243 2
8 109
99 64
94 103
20 243 2
9 4
17 17
6 178
3 173 2
3 22
2 139
2 87
4 3 2
4 3
1 3
2 3
3 3 2
3 2
1 2
2 1
3 4 2
1 2
1 3
3 4
4 4 2
3 4
1 3
3 2
166 179 2
10 48
21 162
151 116
191 3 2
48 3
12 2
154 2
223 130 2
95 101
196 15
9 117
227 3 2
138 3
72 2
86 3
54 202 2
25 8
24 46
39 89
3 3 2
3 2
1 2
2 3
24 120 2
24 101
8 73
23 13
3 274 2
3 150
2 241
3 253
3 25 2
2 23
3 20
2 14
3 120 2
3 114
2 58
3 26
243 3 2
178 2
212 3
233 3
3 3 2
2 3
1 1
2 1
226 3 2
23 1
182 1
6 2
281 3 2
104 3
271 3
40 3
296 79 2
158 66
257 62
100 19
3 3 2
3 1
2 1
3 2
135 76 2
86 62
79 36
131 27
3 3 2
3 2
2 3
2 2
4 3 2
4 3
1 1
3 1
255 169 2
111 108
64 66
196 151
50 3 2
18 1
4 3
15 3
3 3 2
2 1
2 2
3 3
209 244 2
187 202
38 243
193 43
3 256 2
3 162
3 208
2 250
4 4 2
3 2
3 4
1 3
31 296 2
10 119
5 234
6 72
4 4 2
4 4
2 2
4 2
3 3 2
1 1
2 2
1 2
59 4 2
50 4
22 2
18 2
190 195 2
71 146
82 8
37 161
4 4 2
1 1
3 4
4 4
200 84 2
116 7
187 20
69 46
230 97 2
217 17
59 27
124 80
3 3 2
3 3
2 1
2 2
4 3 2
4 1
4 3
3 3
3 82 2
1 80
2 68
2 54
97 274 2
70 76
62 269
85 57
4 4 2
1 2
4 1
3 4
68 37 2
26 6
48 36
37 30
4 4 2
1 3
1 1
2 1
63 165 2
45 1
26 71
34 83
40 39 2
19 1
4 21
33 27
9 238 2
8 156
5 230
4 8
37 25 2
37 17
36 18
29 4
242 173 2
210 29
94 76
144 64
46 3 2
5 2
39 3
20 1
3 3 2
3 2
2 2
1 1
3 3 2
3 2
2 3
1 1
3 4 2
3 2
1 2
2 2
3 3 2
1 3
2 3
3 2
186 263 2
90 115
175 74
38 165
3 3 2
2 2
3 2
2 3
204 268 1
4 197
14 18
4 4 2
4 2
4 4
2 4
3 132 2
3 96
3 13
3 87
74 3 2
3 1
62 2
27 3
158 3 2
157 1
149 2
34 2
284 3 2
264 1
245 2
217 1
231 194 2
126 103
225 25
165 122
4 4 2
4 4
3 2
3 3
81 124 2
25 109
69 65
53 101
4 4 2
4 2
3 3
4 1
168 75 2
47 3
20 35
4 10
3 4 2
3 1
3 4
2 2
214 283 2
164 172
64 221
191 274
291 211 2
208 67
155 167
81 199
3 159 2
1 116
2 89
2 101
205 245 1
98 138
192 25
4 4 2
1 1
1 2
2 3
55 53 2
48 42
39 31
29 10
105 33 2
18 16
61 24
83 6
58 199 2
26 117
45 105
31 144
137 67 2
30 31
103 54
33 45
4 4 2
3 1
2 4
4 2
4 3 2
2 3
2 1
2 2
300 300 2
1 1
1 2
2 1
68 268 2
55 11
41 165
3 94
239 260 2
205 130
211 47
13 189
116 92 2
112 18
6 54
18 64
3 4 2
1 4
3 4
3 1
234 255 2
25 112
88 203
92 186
153 285 2
10 36
90 263
121 210
3 3 2
1 2
3 2
2 3
244 3 2
220 2
182 2
60 1
3 3 2
3 2
1 1
2 1
223 3 2
223 2
154 3
99 3
3 4 2
2 2
3 4
1 4
4 4 2
1 2
4 4
3 1
3 3 2
3 1
1 2
2 2
3 296 2
1 145
1 287
1 100
3 3 2
2 1
1 3
2 3
4 3 2
1 2
4 2
1 3
3 3 2
1 1
2 3
2 1
239 96 2
163 43
97 71
186 81
257 294 2
117 290
188 102
74 103
3 102 2
2 75
3 32
1 100
276 3 2
246 1
145 2
41 3
300 187 2
288 42
78 11
107 58
241 3 2
6 2
229 3
155 3
3 3 2
2 2
1 2
1 3
285 12 2
165 2
174 9
280 7
3 261 2
2 207
1 163
1 220
85 235 2
3 152
66 96
63 181
32 3 2
3 3
8 2
9 1
4 3 2
2 1
1 3
2 2
3 3 2
1 2
2 3
1 3
82 3 2
20 3
51 3
16 3
3 276 2
2 25
3 99
3 19
3 3 2
1 3
2 2
1 1
4 4 2
1 4
4 4
2 2
4 4 2
3 2
2 1
2 2
3 3 2
1 3
3 2
1 2
59 144 2
15 25
29 135
10 92
4 4 2
1 3
3 2
3 4
7 7 2
4 4
1 7
2 7
3 21 2
1 1
1 14
3 11
3 3 2
3 3
2 2
2 3
296 63 2
5 30
78 47
40 32
3 3 2
3 1
3 2
2 3
168 256 1
128 37
127 29
3 3 2
3 2
1 1
3 3
3 3 2
2 2
2 3
1 2
4 4 2
4 3
1 3
2 3
19 3 2
4 3
18 3
18 1
166 168 2
32 44
25 139
27 129
147 3 2
15 2
38 3
120 1
58 3 2
6 1
16 3
38 2
4 3 2
2 2
2 3
3 2
3 95 2
1 71
1 53
1 77
32 154 2
19 97
11 9
6 111
69 68 2
9 23
26 16
9 44
4 3 2
2 1
4 3
3 1
4 3 2
1 2
3 2
1 1
200 59 2
46 13
35 43
86 59
105 144 2
5 45
2 111
10 28
3 295 2
2 275
3 128
2 162
126 3 2
47 1
42 3
62 3
222 107 2
187 74
94 24
176 107
248 211 2
3 98
216 158
16 14
3 3 2
3 2
3 3
1 3
3 3 2
1 1
2 1
3 3
188 223 2
143 19
54 191
156 118
3 3 2
3 3
1 3
1 2
3 3 2
1 3
2 3
2 2
3 3 2
1 3
1 2
1 1
101 3 2
7 2
58 1
16 3
4 4 2
4 3
3 3
3 1
31 224 2
27 151
13 176
31 74
172 242 2
1 140
47 226
147 42
3 10 2
2 10
1 9
3 9
3 3 2
2 1
1 1
1 3
3 3 2
3 1
3 3
2 1
231 3 2
50 3
212 2
116 3
290 279 2
170 194
45 3
137 190
3 3 2
2 3
3 1
1 2
4 4 2
2 3
2 4
2 1
3 4 2
2 3
3 2
3 1
41 3 2
24 1
36 1
21 1
4 4 2
1 3
3 2
2 4
3 3 2
1 2
2 1
3 1
254 32 2
29 17
40 5
204 24
3 39 2
2 13
2 24
1 13
270 144 2
256 47
20 113
251 22
4 4 2
4 2
1 4
4 3
3 3 2
3 1
2 3
3 3
3 3 2
1 1
1 3
3 1
3 3 2
1 3
2 3
3 1
3 3 2
3 1
3 2
2 2
252 169 2
248 79
134 133
158 63
55 4 2
27 3
37 4
35 2
184 238 2
179 45
137 177
183 9
248 275 2
86 128
145 122
16 19
271 30 2
34 1
210 19
197 20
3 3 2
2 3
2 2
2 1
3 3 2
2 2
3 1
1 2
169 56 2
80 45
104 47
35 34
3 53 2
1 31
2 42
1 23
100 16 2
33 3
15 7
23 4
225 249 2
178 100
129 202
130 184
4 3 2
4 2
1 1
2 1
180 3 2
42 3
180 2
88 2
3 4 2
3 4
1 2
2 2
117 208 2
34 145
95 27
69 133
4 4 2
3 3
2 4
2 2
3 4 2
1 4
1 3
3 4
168 157 2
27 14
154 68
46 114
160 77 2
156 58
106 65
56 49
252 3 2
44 1
231 1
8 2
32 233 2
20 29
4 47
23 28
3 257 2
1 233
1 11
1 17
3 3 2
3 3
2 1
2 2
168 21 2
163 10
97 9
138 21
3 3 2
2 3
1 3
3 2
22 3 2
15 2
22 2
19 3
266 198 2
136 10
132 27
87 177
104 89 2
55 77
36 11
92 82
110 107 2
42 7
17 71
20 70
206 221 2
153 191
48 218
129 174
3 3 2
3 2
1 2
3 3
71 87 2
36 44
1 87
71 1
3 3 2
3 1
3 3
1 2
117 3 2
79 2
60 3
18 3
116 180 2
88 84
50 38
29 131
149 123 2
16 106
78 24
139 123
3 10 2
2 10
1 9
3 9
3 3 2
3 2
2 2
2 1
3 3 2
1 1
3 1
1 2
4 3 2
4 3
3 1
4 1
205 300 2
201 8
20 2
31 214
3 3 2
2 3
2 2
3 3
111 295 2
16 72
89 54
18 144
117 260 2
18 16
68 35
5 77
33 3 2
10 2
10 1
9 3
4 4 2
4 2
2 1
1 2
71 87 2
36 44
1 87
71 1
166 198 2
8 139
139 75
142 134
4 3 2
4 2
3 3
2 3
72 300 2
38 228
56 46
44 66
3 3 2
3 3
3 1
1 3
20 272 2
7 12
12 50
20 140
4 3 2
4 3
1 3
3 3
3 106 2
3 61
1 89
1 15
245 3 2
69 2
231 2
54 2
3 34 2
1 8
2 22
3 16
114 3 2
14 2
40 3
37 1
3 3 2
1 1
1 3
3 1
3 3 2
3 1
2 3
1 1
4 3 2
2 1
3 1
2 2
190 179 2
102 8
155 109
12 120
4 3 2
3 2
3 3
1 1
3 120 2
1 3
2 12
1 34
253 241 2
210 160
88 202
229 174
109 3 2
37 3
79 1
96 1
8 8 2
8 1
8 8
1 1
3 130 2
2 1
2 91
2 8
3 3 2
2 3
2 2
1 2
233 109 2
2 62
134 9
28 9
3 3 2
3 2
2 1
3 1
300 10 2
55 8
197 5
93 1
89 62 2
44 62
11 21
65 45
20 3 2
4 1
17 2
8 2
3 3 2
3 2
1 3
1 1
4 271 2
2 236
3 168
3 89
3 3 2
1 2
3 1
3 2
