5837 5855
3353 2807
182 4916
5257 2951
4764 133
5027 1757
570 243
3420 3805
3494 576
5416 3713
4905 2141
211 5670
4271 4705
630 4955
1690 2321
1039 5213
3119 4109
1468 2087
5069 4031
2007 1241
861 3637
3221 4706
608 1935
5352 672
1891 176
4141 2125
3681 2754
388 3074
2403 961
3865 1490
5005 3344
92 551
4766 5588
3978 2589
1017 4680
4245 1419
2269 724
2075 286
5438 4635
136 4049
1627 2187
4532 4805
2635 3985
1364 3796
3796 1659
5521 2660
154 4963
3161 4575
2550 2172
3355 809
5123 2051
3791 905
416 1226
2556 968
2549 3221
2287 1607
334 2843
1987 3199
3876 532
2678 5642
4558 1287
3779 2083
4714 1670
3806 5657
450 4911
2222 1234
1006 4696
227 4898
1980 2555
3123 3128
1736 4259
1659 912
249 3395
3511 4395
3644 1780
4304 5554
3526 3630
609 71
1916 86
5310 2489
2256 4819
2962 4601
3328 4290
4827 4793
2017 5342
809 196
5495 3186
1696 5266
5483 4722
74 5634
340 5478
3271 1431
5516 2663
2919 3566
4660 235
400 3585
2665 3795
3459 5377
3669 3040
4513 2812
1535 5482
1271 4766
3444 1950
3341 5045
3462 5066
2680 1866
4244 4452
796 5654
3343 2001
2322 3010
2542 1833
3714 2064
4736 3988
2261 5395
4016 4124
5602 2021
1159 529
5332 4822
2599 2779
575 1783
4836 2090
94 397
4104 2817
4483 336
1131 817
3433 813
1884 570
1317 5509
931 4830
3706 4136
3301 4781
2890 2757
2015 1506
1058 479
362 1579
3985 2234
3308 1274
5178 62
3396 5515
5170 5688
2002 3862
1405 3140
3907 4501
1574 2460
4850 2687
711 3774
4227 5481
1643 3591
3980 2240
5750 679
2437 2200
543 5581
4085 4199
1555 3184
304 5816
5092 4110
5834 143
1623 1616
5095 508
1069 5403
3976 5409
2998 5743
31 4297
876 4426
1699 2185
3543 4558
5180 976
5561 3604
1425 4476
2086 1858
1067 1861
338 639
3336 3516
2824 5454
4685 3883
176 5809
3965 2805
576 816
5737 4596
1104 5716
4024 4226
2500 5793
2911 867
4769 3165
5097 320
4912 3130
1077 3018
1702 1996
3229 4521
283 4132
3193 5564
1955 3278
4255 4773
2264 1130
3475 3284
1536 557
3179 2553
1647 3378
3662 3298
2537 2585
1575 2281
5038 5822
3167 4193
4704 742
1090 4694
2695 3746
1649 5206
5667 527
415 5736
620 796
2973 3866
4170 437
1637 2309
4936 4392
3389 444
4869 2502
322 4894
1347 615
4418 5032
2089 1037
2855 5762
4893 4028
1610 4075
4897 5157
3364 2292
3471 2376
3597 2364
2471 1142
2193 1692
2970 632
4011 2298
4213 3215
2577 2340
1124 2042
2259 5062
2249 1477
1218 5837
482 1247
1451 4478
1543 4302
855 46
2291 2563
521 174
1998 4667
5249 4048
2807 4902
3630 4607
884 130
3482 963
4738 3892
5191 4295
5244 3017
4391 569
2498 2124
4571 5286
2714 5631
2964 3823
4705 2688
1393 1186
3546 3881
2671 1850
4310 2528
2023 1656
5323 1824
4732 2429
1798 2439
768 3224
5511 2650
5063 3374
3715 3289
4927 3624
447 5465
4516 2894
2702 3707
4822 1647
5187 5444
1572 653
1154 3925
1249 3234
1411 5334
2924 171
1295 822
4198 3726
1996 5193
837 5767
2646 5276
2265 5006
935 4786
5292 3007
4939 4161
638 4711
4143 4366
4171 4647
5006 1373
412 843
3686 4831
394 606
5215 5004
1392 2600
386 4569
157 5122
5144 1476
3261 3296
3315 5707
4018 5140
3808 4922
4388 3956
5699 5389
3275 3493
752 650
4994 5330
2476 2451
4663 3158
4778 699
1021 4327
1268 1155
1115 4959
751 5830
5807 3399
2281 3899
3748 5048
5192 798
5157 762
3784 1688
1310 227
1419 3612
1964 1714
4776 5280
2148 2275
4995 3761
1814 226
2792 2322
1282 3153
534 5665
3225 416
1238 5613
5487 4997
2032 5309
3560 484
523 4002
2529 2479
3053 4350
1138 5457
979 5053
5082 5196
2601 4613
1059 1023
5786 2978
5078 3052
3479 3050
2810 541
3607 3492
926 2906
792 1030
4990 837
2960 5586
3971 3680
5461 4332
4375 3826
3057 3106
397 3336
2726 4447
2296 4820
5426 4459
3558 3551
5568 4479
1053 100
1864 972
2578 1388
3086 1501
5663 1289
1174 5740
2932 1499
5194 5649
6 2069
2494 943
268 5376
4715 1079
2230 387
2430 869
2241 1896
3887 4953
385 3156
3605 459
2509 4289
4273 902
3018 4845
2538 8
4712 3072
3474 1421
87 1541
1248 621
5211 3266
3936 3720
2934 4646
188 2857
3764 1848
1567 250
4947 5814
3999 4107
3530 4403
1383 4934
1027 1278
2209 5382
1757 2859
1139 3249
4019 523
3909 2288
539 4539
367 5739
980 233
3769 2963
4346 3948
4152 5818
1145 1461
4185 1420
1599 1572
2431 2115
5321 3989
60 4380
1840 2257
4554 1719
2400 3918
5109 382
2864 3832
502 2008
210 2962
187 3080
1250 1330
3712 4169
5302 1167
1117 3343
2581 804
126 1322
3488 1345
2142 2899
5122 3263
336 4806
5171 2537
1608 162
2945 1871
2082 4782
3115 1912
1738 4980
3975 591
3406 5728
1668 30
1212 395
2334 5661
3151 3132
489 1690
5008 1070
1279 2771
1790 2534
5645 4981
3833 1775
5592 810
2679 1217
2112 1914
2675 4866
2151 430
2686 4443
3823 848
5546 5592
520 3995
2952 231
1348 4307
5373 244
2720 5414
4155 4648
1689 3233
2839 3079
1095 1249
1329 223
1593 5821
4148 5521
3011 3060
4138 5387
1260 975
2664 2605
5041 4698
5639 4876
555 2661
1533 1773
1081 4069
2066 3599
4639 3701
3626 780
5755 559
5662 4427
729 2032
3080 1543
2057 249
4400 2981
1215 5448
3228 623
1944 3053
1325 189
674 2536
5709 4431
4013 1643
2483 5512
1909 2459
675 5550
891 5005
1775 4716
232 5279
2104 5820
3689 63
3387 480
740 5750
3192 5075
4256 735
911 5065
5423 1140
4394 5133
1240 3801
2949 797
1207 4093
5213 3482
155 3735
104 5835
452 4952
2124 3771
5454 4207
2442 5610
5106 2206
121 4174
3402 2312
1508 5278
4228 4235
2583 3121
586 1965
5695 3211
1335 5406
41 4138
4030 3642
1893 524
1461 851
4885 5087
1369 3650
3397 2760
3676 4480
179 1605
5022 5612
5059 3021
757 467
858 5107
3884 4968
4080 2721
3797 3198
1719 1752
1128 525
5278 2286
3989 422
3654 1395
813 5217
4991 3836
651 530
3990 4323
1682 157
3679 3693
621 2733
1262 1881
2983 5562
5026 5428
4356 1700
1397 1296
5496 3790
5719 4924
2016 433
2793 2652
97 4985
784 4749
1822 4875
462 2044
2981 2482
4602 5442
2925 3145
3317 892
5672 5231
1605 2270
1562 1210
2648 5590
1000 453
2801 5316
3696 4113
1993 5503
901 4645
5713 4390
15 645
111 5198
4378 4393
827 1521
5796 93
4863 3951
2143 1007
5536 2508
1378 409
898 5719
2364 5801
1566 4303
100 2786
5462 3085
2514 5092
1676 4920
2728 1741
3395 1
3634 388
1094 1464
826 3342
1388 32
377 51
4961 2355
2372 703
2879 2762
4716 1288
1406 3903
3484 5338
4510 2030
4003 1832
886 1663
68 697
156 182
2386 930
1477 3977
173 4710
3416 2856
3659 2219
1464 153
3231 1959
2996 5013
777 3267
3425 1718
5313 4764
1380 2289
1356 2623
137 600
3514 4905
4584 4161
1046 163
1815 3370
5590 774
2429 2363
3813 651
4966 276
3523 5501
4065 5035
4431 783
4914 1676
4615 5036
73 3015
4596 3876
4821 5656
4577 1492
5430 567
5159 1344
5307 3235
9 4044
2889 4906
4832 719
2782 2249
468 1019
1243 3490
4928 3365
5121 3304
2522 1280
5255 3075
4537 4534
372 5488
414 1426
2000 5669
2379 1915
918 1709
2361 5205
4797 4137
3174 1899
1797 5542
2697 4774
3536 2366
3169 201
3127 5477
240 5639
3697 1668
2749 2317
546 1102
1264 705
1495 3582
230 1403
655 3615
4449 4047
5201 39
1483 445
2922 1311
5066 3739
3725 1251
2690 2659
4358 5437
4844 1758
1858 4214
1242 1636
536 2867
5728 4198
1734 1880
2161 2910
247 830
3483 2248
4763 2123
2060 296
363 5397
1500 2736
3454 4263
168 4450
5655 1036
1044 1067
964 4751
3442 4005
1033 3715
5825 1047
3140 2059
2003 4816
2228 889
1556 856
3383 2070
2487 4496
5572 5141
1289 209
1552 5621
4342 1335
4719 1112
5382 5249
2253 3854
3 2818
4364 1365
2897 5095
2025 5734
5741 4139
821 3602
5274 5447
4603 279
2656 663
3512 714
5433 349
428 4990
742 1003
2565 1505
1957 1776
4793 1890
4210 1407
2324 906
4163 2695
1801 604
2480 3684
2329 4152
5678 4209
4723 4425
3760 1551
3354 4141
3310 1383
2670 5788
3889 3748
4841 4639
2130 240
4749 2221
3852 4133
3750 2335
956 803
3670 4884
1795 159
153 5832
3272 4464
5203 2692
2115 2999
2816 2980
5243 3626
5080 3901
4144 2751
4162 2685
3521 4846
4012 1390
2435 1474
1324 540
3155 1939
3266 5771
316 3355
1083 2055
205 4788
803 3526
2716 1452
653 1617
4200 1382
4627 579
1201 1577
3075 4545
1563 1778
3726 2976
55 4170
1978 1627
2627 4692
4283 590
5207 5089
3094 2035
131 2764
3562 5440
3937 1755
4384 3473
5248 2561
1210 3891
150 4565
1561 1053
3158 1648
2526 3232
3596 2247
1709 5104
5748 2336
1065 1334
1402 3456
2123 1109
5161 1929
497 4473
343 2699
965 75
5085 3844
159 3386
1 701
2181 605
1821 68
4975 1631
538 4979
1454 1075
1653 1400
541 1433
369 4514
1615 3664
509 2547
2506 3898
3022 2202
3761 2012
2415 5686
1905 2909
1635 2732
2056 2907
4785 5151
5534 5604
2766 2119
5704 3405
4276 3847
4149 3744
3892 4168
4533 1547
2525 4351
5466 3332
5367 795
2001 768
1056 3169
4328 2075
384 460
2740 5737
5805 3769
2119 391
5009 3302
906 3867
1379 1884
846 702
2863 2254
2009 873
4547 3890
2657 3403
2460 2649
4845 4974
5206 4867
4711 2734
3339 2209
1576 4189
1937 57
220 4430
1747 5283
1456 1526
2389 1677
2387 4407
5388 1723
577 2603
4091 564
4298 5187
2450 1575
2081 2421
2571 3719
3438 5423
5550 4882
510 785
4448 725
5563 1445
3348 4608
1251 3376
5441 4753
4317 3180
4568 263
4786 4365
2293 4511
2784 1203
2916 4149
899 511
4683 4241
5514 2490
4509 4732
983 2541
1871 4362
2268 5108
3822 4517
2580 5153
2165 4415
494 2947
306 3133
5429 4225
5523 5516
1427 3371
4593 3786
5130 1276
596 4513
2502 5197
3257 519
1976 2773
5787 353
4687 4566
5598 1584
5023 3851
5831 294
1788 2700
1023 2106
3384 5807
1357 2117
2759 4504
3368 255
4896 3694
1780 19
3870 1736
117 1074
828 4871
4817 3071
4320 3685
2210 2991
2979 3824
2314 4529
2606 76
483 4498
838 2654
750 5675
1807 3514
90 3026
4272 1816
234 5729
4462 5490
2214 4245
2158 2821
3653 2201
5284 4853
1713 91
1190 3753
3091 3656
459 4938
3269 4685
1777 2556
132 3065
1359 321
3394 4143
1254 2635
2040 5209
2968 1569
2988 3310
5138 2874
3729 2648
5118 3686
981 2737
678 5239
1458 47
1759 504
1545 1597
1977 4560
3991 3504
5635 610
5717 1520
4359 3675
2995 614
4957 3120
2892 5171
5691 4661
29 4918
2243 1387
4075 2914
5176 5781
5671 1253
5656 4144
787 1583
5738 2215
5014 2377
562 3810
2446 3787
2239 3182
3609 2930
5452 4254
1259 4106
1237 1860
1899 1529
20 342
3565 4184
75 5055
5772 3728
5315 1265
3262 478
982 5504
4209 1768
4669 1578
5167 2599
1511 2943
919 355
4881 3974
4054 2058
5399 1995
3429 3491
5415 3095
1137 802
3102 2037
2989 247
2904 3117
472 4389
4526 1573
3148 3245
3579 5664
2992 3614
905 1436
5684 5495
256 2265
3187 78
2299 665
4784 5685
1844 3326
279 2882
1587 2304
2458 4319
5136 853
3147 4448
2180 432
3168 5597
1874 5007
264 4991
2067 4125
4910 10
745 3794
2874 931
1484 2241
4022 4755
4252 5779
4073 842
3227 2798
1079 891
5754 3125
5683 4994
5675 890
934 4000
754 2901
3096 5325
2396 5118
4464 4844
48 1129
1446 3835
3421 3322
739 283
1852 5653
1607 230
1114 3424
1860 219
82 5595
736 3531
4977 2863
361 4103
418 1840
2854 434
994 3313
545 5333
1276 4637
3943 4573
1994 1600
3825 183
162 3134
5527 3581
903 3329
3649 3281
1553 2019
879 3859
2746 5262
3101 1508
5265 1485
1882 5297
5366 845
4745 3036
5650 2615
4502 1012
1449 3037
2432 2711
3342 691
1856 3588
5463 3
4833 918
1142 694
4357 1225
1762 181
4649 3265
3392 5320
2668 4461
1720 1228
152 3152
1157 1493
1496 2156
1460 1653
4874 5720
4628 5046
3639 475
1985 949
549 577
1782 5270
3034 5557
3142 103
3139 3440
36 1920
135 4703
1629 2550
3180 790
3986 4919
4119 2264
5746 2967
1973 3625
704 379
4746 998
528 4320
3625 4234
4834 4530
3424 3908
4292 1910
4131 1108
1233 3246
4674 5799
3665 4870
2344 5296
5547 4818
1953 2157
3427 2472
2484 4999
263 3055
1294 1895
4752 1468
1028 5803
5174 1535
3403 871
4477 589
5552 2132
2896 3700
1826 772
5003 1470
5273 1567
1889 5522
1586 1001
3735 3549
5826 5220
5614 2707
5764 3502
4559 688
4471 1859
2008 2307
1831 1731
1187 2213
3527 788
888 580
1828 1482
2778 5526
1832 5629
1219 2799
3076 1784
4183 340
1342 1576
3373 4258
1436 1909
3118 3427
5291 5211
1296 3766
239 5701
4491 5027
975 113
3447 5059
1066 3205
4588 2609
5760 1756
5115 514
4109 771
2600 1454
3840 3098
2579 1240
2878 4658
3208 2776
1404 1258
4801 5186
2717 4507
1622 1397
5343 312
3897 4166
5528 3706
2211 499
4614 3272
2701 1762
1707 4408
1867 2002
1675 4809
5609 2861
381 1789
578 4855
4428 94
3001 5028
5261 1101
1141 1695
3713 2931
2722 5460
1217 5018
5445 2524
1817 4933
3324 966
5440 5773
4520 2574
81 3105
2385 170
511 4453
328 427
465 933
5062 612
5309 2250
2030 750
4099 814
5828 3195
5774 1581
2976 737
5712 3638
1938 5024
5139 5496
3074 190
4485 2572
1409 1180
108 4895
1307 4519
3767 5798
716 5407
4933 4724
309 687
4466 3293
122 5329
1390 2944
4354 4027
4488 1847
5480 4603
2136 1817
241 486
4053 1924
560 2448
2630 3702
986 5112
3417 2420
2958 846
3535 4704
504 2155
5405 1362
3126 5680
3311 3909
1434 5332
1350 3200
2475 1127
4374 4066
4282 5426
5499 4690
2772 5311
799 2870
4291 3934
4816 728
4823 5757
3842 4115
5716 2629
3461 232
4438 1963
4866 3758
3857 2946
5368 2891
4316 3437
1443 3541
390 4772
1625 5158
4895 676
4190 2324
1869 5339
3551 3457
1868 187
1177 4306
2353 3536
208 1122
5744 4204
3927 3887
4886 2977
4474 1163
3700 4740
5698 674
3657 2918
3503 2371
5108 4405
5186 4276
440 2604
4079 55
5425 4731
5338 3673
1708 1838
5472 3802
4180 5714
4671 5749
1353 1081
4355 2033
3200 4817
505 4373
3375 4654
1979 2567
907 3038
4985 2066
1879 4835
3090 5159
4470 5319
2463 2351
5326 61
3646 3644
900 2052
1258 791
5232 2701
3337 3054
4048 3501
5669 2573
3349 1083
749 1233
1463 2884
1050 110
3409 3045
1756 1377
3237 3243
2426 3567
1906 3919
5240 1347
3610 874
5585 4073
5119 4387
1601 3022
1962 5559
3668 4021
4142 1205
1473 1540
5610 2675
3613 1451
3081 1825
5421 1115
2841 4757
3861 637
3880 1045
4690 5633
2444 5518
5785 4424
323 5730
5149 3872
5537 2716
5578 5615
4673 2411
2561 5361
3826 4966
3869 726
2993 5086
2978 4850
5200 1944
3171 5425
2083 3979
3987 2122
991 5638
129 5796
2619 4163
3149 2759
3500 3861
3041 4237
864 2442
912 337
2137 396
3338 3096
235 2903
1386 1734
2954 4574
2042 1194
1639 2966
1333 1921
5179 4808
3886 5199
5049 2435
252 4301
3390 3559
269 4465
2756 2382
4335 2809
2051 4595
5077 3359
2402 1059
5597 2601
4232 886
2837 5667
3994 995
5791 1063
1881 384
2592 3380
2645 5570
748 4756
1634 2628
3452 4581
4877 1448
1209 831
2990 2016
679 2316
2101 3011
1966 3610
3335 2908
1178 3171
4360 2274
963 684
5529 3465
4751 4828
4600 3401
4385 885
668 2731
4968 5215
1995 4154
3680 4411
4693 5735
3347 2
3839 4108
2971 1120
2732 5679
783 5094
2099 2740
2849 270
2826 4784
537 452
4846 5074
171 3258
3214 2284
531 5058
966 3895
929 1309
3837 5033
4981 3334
2795 1660
4798 2163
5821 4987
5212 3448
5000 5449
2634 3983
3299 3886
46 3201
169 1091
204 673
1525 5080
3674 66
5525 5386
1761 4338
1936 3830
5037 1458
695 3512
2776 2681
1835 4491
4437 1911
4442 545
3666 987
3254 5471
2166 1033
4486 2505
2163 2674
4367 1571
4962 3618
229 3721
2063 1999
2277 2387
2048 132
3365 4547
1253 5812
1185 1394
1126 2194
4677 4384
5509 1166
2569 2594
4174 5093
2182 1509
2034 2273
2012 2151
4052 1295
2413 126
139 1364
4430 3453
1186 3613
4576 1379
5340 2653
1045 3325
3838 1189
960 3992
5524 5287
582 575
708 4619
3085 2454
4617 3991
2987 512
5019 1717
445 647
2681 5120
3883 4535
2129 5726
2360 4553
3522 556
5271 482
1194 3611
2286 2632
174 4862
3107 3970
5703 850
4035 3523
44 327
5679 4506
5380 3168
5642 3004
2811 777
1875 3704
486 2583
5185 5233
5431 3723
1776 1386
2445 3084
2191 5367
2262 264
3296 282
3258 1530
246 3433
566 4397
5177 1158
3983 3087
1344 2370
4534 3800
2869 5774
496 3958
1501 3277
287 2092
2721 277
4127 1606
2742 4709
1171 1025
2504 1297
5576 675
2114 1020
366 72
2553 1479
1098 1883
5089 1138
4847 4943
1740 5484
5286 2504
4013 5528
717 4868
4610 5420
1799 1964
3024 5617
670 2744
1677 2936
756 2310
2564 2463
285 583
5475 3241
2566 206
4779 1291
1701 1849
3280 3850
3360 2710
3972 2664
5482 1308
4878 3579
3754 4388
5223 3251
2689 3733
2907 3450
4494 4582
4592 3032
5098 2325
3841 2935
2390 2671
379 3435
4424 1339
4939 3846
4092 2236
1497 3076
4221 207
1930 36
2663 2144
5409 5359
5295 5745
3525 180
1949 2065
4630 3806
5477 4229
3201 5248
51 2896
701 1622
253 3400
4692 5507
2912 5230
1656 617
557 3692
5739 3528
5505 329
3330 407
3329 4328
4047 5273
3741 4568
703 4864
1475 3689
1878 2225
1035 2641
597 4357
4108 2634
2711 5555
2991 1035
2323 2428
1303 599
1513 3191
2316 1134
1274 385
2706 3587
3921 4123
2420 5744
1885 2272
5790 947
2217 3714
4046 58
2369 2756
1571 359
2554 1947
3138 5357
2948 3290
5473 4074
432 1399
3802 2469
3480 1285
110 4785
4233 1893
4695 2393
3959 954
3191 3025
3756 2596
1880 1404
300 2062
5711 5384
2248 138
516 4612
3505 1806
2831 3314
2586 220
3450 4335
2624 4780
633 1462
5595 761
2373 4771
2644 5366
1597 3432
770 5476
4081 979
49 3331
5627 2592
2713 635
4353 119
1019 875
1626 2973
4917 1799
3992 2443
3672 102
5099 3736
2491 4590
3981 4538
4625 5149
2272 1882
3185 3941
5072 4176
5303 2783
3405 2591
84 26
5320 2913
1711 4244
1261 471
2380 2525
225 1818
3693 657
4159 2993
3702 3159
1384 1967
4637 3368
1008 628
2651 4626
640 215
1400 1803
4542 394
163 5616
732 2074
3759 722
1188 3677
1462 1777
3847 4057
3941 429
3589 1628
3893 3375
2786 218
5299 4457
2545 4684
2235 990
1158 306
70 1516
1440 5813
2440 5689
3723 351
1382 4928
281 1637
3819 5558
2539 668
5657 2332
5518 4714
5751 4382
4493 204
5270 5473
5397 1829
4034 3166
5211 2828
2203 3358
5267 3915
5747 5548
5833 3421
3803 5682
1036 4312
4339 638
1557 5451
4698 2905
1365 515
5002 2911
164 1137
843 3724
1226 3081
1162 112
2655 3042
4069 4482
893 2686
318 2912
2574 291
4289 148
5526 1325
3460 3616
383 1389
2534 42
3051 3900
959 1369
4950 4215
1896 3193
2283 3571
4381 5789
237 2269
4249 493
2626 1475
4707 5537
1935 1232
1770 4810
4686 1110
1502 534
4120 1927
5356 4962
4748 840
3710 3212
2733 4006
3698 5819
5788 330
3809 854
2315 334
348 5099
1457 5468
4657 3379
2603 104
4954 1367
2899 4754
3771 2296
3598 3066
2371 3845
660 2146
3236 2872
1838 5431
5090 4662
5605 1437
4566 3416
266 3834
4557 5424
5100 3967
5339 1681
3960 3238
3749 5115
4432 4096
4634 5589
4151 643
5234 169
2062 3584
1524 5337
4545 1868
2333 1145
1302 151
4243 2815
2808 2108
2409 4688
1298 4379
45 4914
5285 648
4876 1940
4321 1428
4722 3123
2947 1489
457 1333
4241 792
1469 4428
4755 5766
2908 2582
807 3703
257 2565
2029 3391
2332 2656
1235 1901
2194 5189
4266 5162
289 2054
3772 829
1908 4102
3996 2277
5162 2398
5272 4238
5464 2747
5460 5434
3685 2554
56 3975
4731 581
4873 1603
2014 3833
3844 1207
189 3838
195 1988
5264 3047
143 4088
2699 2926
4906 2228
2309 5353
677 3264
3998 2140
2111 5313
3222 1017
2658 1343
4191 2343
2909 4432
2920 5012
4640 1118
396 184
1299 494
1199 4873
513 3658
4919 1807
1726 4942
184 5583
797 221
5102 4252
2179 5569
722 2631
3025 5362
594 3600
1836 838
3881 3734
978 1689
5404 1027
14 1354
3742 603
5011 5073
1009 2837
5557 4578
4560 2566
5083 3269
3306 4826
4118 5486
2305 5755
3418 894
5434 3112
5658 2728
4999 965
2935 2827
2466 2024
2499 1937
2510 5660
5593 1902
3410 819
5533 5713
4383 4532
4780 3556
2122 3645
4399 4372
568 1797
3953 2218
5442 5519
4371 4874
181 3479
5540 1193
2225 1678
3704 1766
4956 5472
3736 2261
3082 5235
2802 338
3508 1255
5300 4527
3785 1481
2175 1429
5449 5111
3917 5817
3738 1561
2617 2114
2661 5148
3210 310
1749 1381
4959 4859
2505 3946
4811 5168
5485 2626
2788 4652
4993 56
196 4355
1565 2618
3294 3107
5163 3649
5823 2662
4407 390
3467 2434
191 4633
2662 4409
5288 2423
2524 4243
4409 2417
503 5392
1200 2159
2850 2413
868 2315
863 456
3811 4970
4223 1984
2080 4043
2336 539
4188 5134
2456 489
5370 3843
2585 3185
5724 4314
3428 5304
2570 690
3077 4354
4860 4487
1692 5275
836 3770
5364 1415
2735 888
4854 185
5060 165
2358 2073
947 649
3851 260
3622 4140
1805 5069
2760 1589
820 4404
5653 2729
1540 256
4450 1022
1531 472
3863 4655
2221 1408
4193 3931
2771 1398
2090 1754
2653 2761
2345 521
1503 2196
3664 73
4650 403
3095 2496
2961 3383
4206 757
1792 3275
3691 5753
5263 3777
2562 1634
99 2327
3834 5567
2326 1856
2384 531
5034 4041
2416 3452
4862 137
658 3183
1619 1391
2972 107
1613 5698
990 79
769 4361
1315 2871
3581 1450
5146 4887
969 2697
4177 2954
1170 4058
1263 2348
3836 4800
1439 3561
314 2483
4000 4485
885 5683
4787 1898
4743 553
5395 5388
3820 167
4656 2886
5021 3522
1153 4004
643 4436
4629 3928
5508 1836
1148 1227
2157 5396
3049 4775
5649 4324
128 1401
1376 1162
1308 3534
5644 5603
1018 2823
185 1222
1106 1786
4026 4589
1112 1459
3293 428
4562 3154
3831 168
4010 3896
3623 4003
1604 5829
5279 1926
5479 4912
2582 3568
731 4542
3279 1239
451 3731
1652 5800
3944 4518
5004 2182
114 2972
2 4172
405 4946
107 2824
705 5532
4097 315
2602 982
4828 2152
4952 2394
402 4153
1020 3303
2967 3750
644 957
4238 2320
5634 1745
1327 2057
3540 1412
3215 2950
4721 287
4338 3114
2933 5808
987 3213
2840 1326
4852 3869
4352 2858
3954 2224
572 4367
2557 2683
353 5733
4050 3499
840 1026
3440 2571
177 41
3882 764
4325 5752
2464 4190
3004 4158
2959 2308
1230 1275
830 4316
3590 2109
3545 1974
3582 5746
5266 2679
2527 958
2423 5792
4818 2251
808 5185
867 2452
2472 5116
120 4280
5753 5042
3660 4202
4419 3745
2887 301
2906 2769
2242 1065
3321 3259
5776 404
5333 3849
4166 914
5155 1031
242 2255
2489 3276
2465 1701
4655 5815
1005 3993
3256 117
1730 5475
5619 2657
3571 5797
115 2438
1415 3225
305 3203
2335 2636
4840 1800
5349 1062
3212 2461
1389 1441
436 4483
841 1156
4239 1671
491 1082
2453 4797
5811 1069
3172 188
4042 1269
508 4937
5112 4726
4703 241
4589 3779
3426 3932
4489 3077
2147 821
698 2717
4937 1633
1272 1666
2928 3554
4372 1721
4184 1587
3002 3110
5532 1352
1766 1393
4212 3543
5555 4262
1340 5759
2758 2544
433 4364
4681 1638
3111 2557
1654 3475
950 4588
2642 2471
5512 142
667 662
3434 5101
4207 5594
102 2718
3371 1610
829 3555
1989 5577
2370 2440
2394 1323
3322 1753
5588 96
4800 5575
4788 4719
5408 4337
3606 865
2391 3157
4679 5700
532 3301
4103 3863
3463 664
3331 670
4903 4022
687 3545
1363 3462
3518 1005
5029 1071
4802 5687
1651 4358
455 5109
4871 3369
3621 1434
1075 146
4098 5147
124 5203
3799 4068
481 405
96 3049
471 4663
5254 2928
4447 2211
4976 1933
123 305
3141 3708
3608 2173
407 5195
4613 1994
1216 3894
2704 4308
101 23
2043 5227
3815 2727
971 1173
5204 3100
277 441
4921 2349
5137 2742
1712 5155
632 923
5058 2401
4323 5219
1087 2775
1685 5100
449 1941
1632 1262
1784 1086
2321 1545
5765 2171
1581 4087
2348 4604
351 1218
2200 2222
3113 704
118 4509
3974 2412
5050 4321
5093 5543
1236 4177
4971 4915
4351 1342
1328 5606
4411 1080
4045 3488
2164 2331
2247 1683
3037 4814
5682 5760
4216 4025
4659 1925
62 2844
628 3679
1589 2418
816 1515
1232 1744
3340 5810
5688 3657
4942 3978
5168 3188
4528 4993
5032 2208
2251 2929
271 5582
332 2522
5800 4463
3067 624
665 989
1228 4770
2418 2986
4309 4741
442 1661
2638 3247
910 2361
166 4406
1606 3670
66 753
4652 4495
3285 4268
1670 3363
4608 1531
4347 1986
4420 5480
2362 4231
3620 827
303 257
2189 1686
2024 2084
3189 314
3446 5354
1551 5188
5056 4239
1034 3483
1078 65
1151 4562
3792 3905
3056 3124
892 2256
1520 4674
2236 2203
4791 3524
4248 1000
4031 4370
4555 3924
2088 1854
499 245
835 3936
4631 1923
904 3051
1922 5514
3255 3466
5262 566
1478 3984
1311 2022
5626 2085
4242 4742
359 1623
2568 2597
408 2719
933 304
5260 3667
5581 4854
4450 4338
4140 128
1673 1135
201 3950
3877 4095
3673 1716
3370 4592
613 3255
4443 3373
4469 1302
5701 681
3773 3960
1855 4341
797 4076
5114 5551
3931 2112
558 3090
5530 2860
3098 5408
1472 5128
5413 371
659 358
4923 3856
1842 365
1031 2575
337 5741
4487 1336
603 622
3890 3086
3504 3780
526 2984
1518 1770
3548 5026
3023 1267
4123 5369
2201 2036
1189 5000
4498 2437
715 500
224 152
818 105
5325 927
2266 5305
4134 2280
1548 2923
1293 1697
3203 3458
2805 5336
815 1879
874 5791
2940 4531
4311 5712
3489 1306
1007 2855
5685 4615
889 1846
1688 1175
3509 608
2852 1117
4303 4008
1697 5608
3411 5331
2709 2960
4870 4792
2838 4249
3152 667
5714 3218
3154 3197
831 4925
5799 1691
1850 4111
76 562
1939 295
5446 3126
870 4984
3165 5244
3223 13
5046 4872
847 3705
183 5605
5432 4420
2439 4983
5782 3882
5736 311
3058 5531
5390 5358
3131 4656
1683 1496
2061 3542
915 5117
4943 3606
4160 2217
5756 3261
3727 3333
1665 4651
3422 5060
4265 373
5073 1410
592 4554
2682 1299
458 4046
2428 4016
3217 1236
2205 1341
3800 2778
5229 4971
3894 727
95 2433
5132 1361
3843 4433
522 5207
488 2478
1857 3210
3175 4494
5629 2134
444 5533
4007 2165
2282 3097
1498 4435
1239 5836
3763 77
3105 5469
2027 4585
734 4851
1300 377
4795 922
1679 1532
2905 2199
1902 636
5236 1068
3655 2104
5439 3407
4541 4665
4561 2302
2185 4825
477 3858
3922 1968
54 4564
4175 1208
2790 4571
475 1231
2065 1635
2757 5236
3874 3829
1222 440
1052 971
5559 4181
5773 2383
4208 3870
2192 4343
4402 2983
4460 4524
1426 1478
1061 5410
4519 565
3029 463
5502 438
5490 3827
3733 4021
657 2397
650 1316
2035 4446
4459 477
4529 155
1107 3291
5762 3961
997 270
5689 2183
3304 2025
2880 4821
2320 70
4986 3574
2762 4908
88 5691
245 252
4569 5536
4064 3498
2263 5641
2844 3287
694 4787
2829 1312
4645 2606
4888 1260
709 4398
2512 2458
3385 2869
141 4617
5835 3743
1438 2118
3247 4082
5759 988
4708 3364
5484 470
5497 341
3740 33
1772 5165
3711 2468
5143 568
4113 4285
5134 921
1955 287
4150 1294
341 4356
4799 3352
280 3818
2421 1794
317 4442
2820 4146
4182 872
1521 660
2710 1621
5708 3874
5681 5096
517 4100
1803 4126
3849 858
5216 5160
393 4629
700 5738
2156 3840
2977 5011
38 5727
1901 3729
4286 1992
865 3474
2673 2529
3042 492
5816 1214
2377 1733
5538 1972
1346 331
4427 1962
4948 671
1886 4497
2858 940
3194 5718
856 1763
392 1987
3246 1089
3000 3119
2775 3164
3009 3315
4790 2917
3534 5345
2213 2258
3017 5441
25 173
5341 3576
5797 1875
4875 3725
3948 2392
5377 5394
2901 2399
5031 45
2176 4317
2108 60
2523 4672
588 3980
3846 1555
1135 5103
3587 2197
212 3717
4546 3798
2150 4273
2597 978
3068 4421
2765 1416
617 710
2707 2787
4112 4815
3970 1956
1013 2852
2591 5281
113 2808
5809 5632
3380 5121
4401 1015
3464 1593
755 1469
3682 4736
1960 3268
2454 5254
2685 2797
233 5347
4514 2655
3914 2126
839 2520
1459 1728
2873 2229
3743 1366
469 2801
2607 2704
5734 5658
151 2011
4974 1094
2895 3187
1026 5228
2328 2107
5081 3619
3439 5298
5625 2552
4368 3034
4277 3971
3789 2630
5013 1313
928 1599
2747 5083
5818 289
5543 4030
3556 2989
765 4594
3993 631
5566 552
5447 5077
1134 3539
1773 2548
725 944
1196 3431
5646 1040
685 3935
3069 917
2974 1432
1403 2523
4848 3345
1043 454
3868 501
611 2131
1717 518
1920 696
2258 4399
849 5364
3751 4526
430 1826
2641 386
713 1504
5620 400
1416 3408
1631 3557
5188 5335
301 2646
581 5823
1140 1010
2331 5191
3988 5620
5025 2726
2207 3485
2340 2876
4421 4718
778 5310
5079 4725
5680 1887
2867 4789
3414 5538
325 3161
4296 5170
5822 3242
1573 158
3632 1702
2787 1004
5110 1179
3793 2678
1167 5349
2861 1710
5450 74
1843 4823
3122 3695
1051 5636
4145 4572
1846 1796
1305 4466
4756 2588
2224 5607
2427 4232
2528 3282
1057 5237
4717 4171
5705 2722
4076 2243
1820 1834
4269 1978
5294 2570
59 4669
551 326
873 2056
5324 3137
2019 2846
2692 3508
421 5040
1168 131
1225 2865
427 4339
940 3425
4226 1527
590 1708
1967 5288
2408 5226
47 3478
2125 5282
3516 3135
130 284
4297 4396
2894 766
2271 807
2812 4311
3557 4940
1227 367
5558 3449
3788 5401
3955 1279
3103 4913
2612 2314
3932 2841
1432 2385
3636 1827
3564 3691
1391 5579
5531 1664
4234 611
403 1916
728 571
5043 4641
4697 4039
1166 2753
2546 5761
567 3772
2073 1592
4754 1872
4445 4092
2097 3292
5195 2245
3466 2333
3010 4676
4006 985
1499 2358
3559 2690
273 5102
3316 2961
4618 4035
5676 5020
4992 5404
2208 1580
4458 4162
2407 3494
1367 1273
3957 3699
2215 1196
1541 2465
1522 3871
690 1350
691 925
2319 1320
291 5284
5668 2836
3030 297
2857 1655
1001 1510
5837 5360
1267 3444
64 2958
4525 1301
3770 5708
1373 285
3614 5137
1847 5748
1366 3875
105 5703
2434 4012
5402 5245
78 836
5419 3422
5771 3538
2950 1684
3979 347
1088 3782
1865 2791
2135 4248
3778 2313
2038 4348
255 5704
3267 5834
3061 200
2350 4745
3350 4056
834 2577
1318 4269
2649 3350
3478 3520
346 421
5830 2900
330 3434
2116 5549
4575 4650
5757 4739
2074 5068
1564 1192
2237 5373
1671 3755
2659 3204
236 1152
3520 4638
507 1798
4675 3789
4124 5295
5087 2760
3928 4836
4883 749
2533 1190
5767 114
1481 1246
2077 4001
5531 4412
3163 2714
2013 2542
441 3949
1004 3229
3290 328
4889 2191
3900 893
5570 5587
3006 2028
5706 4622
1816 5200
1509 3297
4336 4723
1624 1201
3906 4640
993 4304
1506 698
615 586
5308 5269
302 3073
1926 2190
1760 4829
5016 3506
3234 27
4544 4767
3419 3596
972 425
5651 778
2780 1100
2206 2278
5068 3041
4194 4746
712 781
5354 3868
1588 2341
1602 3338
962 4927
936 4632
1086 106
2044 5432
3739 5318
5350 3814
949 309
5817 1093
1410 5786
42 4274
4574 4686
2806 1694
4133 3598
3905 3360
3732 389
2825 214
3398 1061
4153 3131
3728 535
223 2388
2898 1649
2072 1568
3678 4216
5696 2404
908 561
1900 4050
5334 4279
1549 378
5269 4114
1877 3666
3688 4219
5233 1052
3332 2677
3721 324
4504 2149
5015 3283
4762 2510
2310 1058
1471 2101
1968 5238
4646 5825
4653 640
5103 1727
2594 969
406 3873
5246 550
3134 4474
2280 5576
378 2235
3878 2372
2422 2029
1143 1917
2748 3518
4706 2796
4268 5261
4100 2139
5406 442
1802 1574
4699 1942
607 1447
1482 3879
4107 2637
5471 2099
2918 748
23 1748
3369 4182
1467 4077
3862 4203
409 237
4856 136
4015 4042
1946 909
4078 4602
1731 3288
360 4065
4718 3839
2468 2617
5374 4847
1715 4201
3027 1136
5156 2076
4231 1922
894 533
3708 4796
2853 5470
5076 179
3089 711
4739 2396
2593 3917
404 3727
1612 3617
3777 4013
165 344
3064 1182
714 1642
375 2431
914 2518
4452 2705
781 4386
3047 1588
4313 5172
4002 4668
3592 1484
4067 3497
622 2893
5306 3592
599 2476
2884 95
1818 5695
5494 3382
5580 1372
2490 4778
3853 3930
1273 3413
327 5346
2779 2803
3677 5732
3404 3414
3173 3747
4415 5061
5258 2826
1360 870
4281 4976
1849 5650
4454 999
4587 5306
5618 2676
654 2034
5616 4546
1660 3778
1241 765
2611 1596
4224 3998
2698 5556
3379 1427
3372 546
967 1406
3628 2532
4829 4549
794 4236
3312 273
2395 5585
3923 2513
2188 5208
652 984
1156 1570
4056 5668
5761 3020
5152 1563
3517 3943
4111 941
4288 3752
4137 2186
2059 3709
4984 505
5732 2405
3124 5085
2667 5240
1785 2262
3325 602
5305 2842
1568 362
3345 2360
1257 345
718 882
3637 4552
5239 3963
5126 3927
4497 5652
345 1011
2817 2746
3908 5190
4633 2300
1394 4400
1636 5790
4279 426
493 4677
5277 4621
2250 350
1182 1466
2474 3227
2068 4070
689 1198
948 120
3443 4890
811 2638
4662 5758
119 4363
1474 897
1290 3544
1813 2389
4376 4620
4398 1212
1444 5126
1833 3902
5198 721
5783 5081
1208 4958
2312 3230
2278 4998
688 4832
2590 2793
5731 1455
387 1282
3758 924
4337 4130
2676 4577
4670 3486
5789 5584
2339 1259
5745 1009
5456 4812
5652 1672
2438 2166
4481 4099
4087 5464
1657 1363
4439 763
4907 97
3493 5671
4440 1712
5503 4944
5491 3454
4041 685
2783 1759
3204 2010
5607 5765
3531 2792
2893 3601
1523 1261
3918 4175
3901 4222
5337 625
1244 1200
3967 2755
866 3039
321 4377
315 3972
1422 1353
2022 3254
5407 5201
1722 2640
5591 208
3153 4969
535 1221
3896 1238
995 3228
3035 1625
4301 3712
1672 48
4872 1125
3950 2625
4404 4548
2752 2486
3920 5383
1530 1945
2184 3307
207 5175
3013 1932
3130 205
4028 3577
4965 2832
4260 4090
4426 5540
3181 3146
2412 3067
737 1874
4894 3681
5606 1171
3303 2584
1584 1502
1322 5722
2943 4017
1787 852
1883 2689
812 4376
917 2644
673 4965
2743 3784
5574 4852
2223 1905
3757 3651
897 2067
3465 5161
5784 3573
1848 5307
5804 3175
1334 4903
4300 5742
4563 5706
3737 3009
5387 5105
1667 1746
3366 991
5055 3593
331 3013
420 2237
3040 855
3498 5545
1100 3792
4676 908
251 4486
954 3226
2536 1646
2654 2193
3962 3253
5275 682
5224 5038
2632 5210
2378 4520
5493 98
454 488
1693 2665
1862 3500
2392 4735
5422 3660
771 5088
4511 3811
1577 2449
4262 3537
3885 5780
3132 5673
785 116
5474 3842
5775 4537
3746 5267
2382 4910
1108 2511
3801 4889
3359 5084
4709 124
4136 1028
4624 805
3300 2311
2177 1324
3391 5374
764 4730
3087 4200
2204 5763
5548 469
1735 3655
4792 4329
2647 4693
823 413
4586 4437
5362 5072
2598 2178
3431 5747
2575 3070
2292 952
721 5285
1381 1456
3477 2474
4658 4026
2813 4340
1489 824
1927 4768
5384 3507
4733 5547
663 3481
2914 2142
3913 4931
3188 3023
2052 5828
294 896
3949 868
3695 3178
773 5265
1603 3945
1872 4414
1534 953
3469 2752
2547 2997
946 2445
3709 4325
2870 2748
4501 2904
4476 4900
3835 3884
4664 887
666 3061
4333 5242
2186 4080
5539 4897
4408 4223
932 1329
4983 4055
686 3539
5074 956
795 3837
1514 5506
4665 582
4648 1611
1082 2007
3603 3583
194 627
3595 5411
793 5251
5133 932
37 3141
4643 3569
2836 4462
2238 5764
4441 3127
5582 221
3413 646
146 5176
4382 4666
1870 2521
4517 101
1161 4283
349 4481
4744 3629
550 1729
1728 449
727 3553
478 5370
1974 1054
1091 4587
2357 5662
2559 4616
1515 1630
3766 92
2388 2890
276 160
4110 1463
554 3737
4680 4456
2830 2018
2903 5173
5604 1090
5226 2530
313 3312
5742 2174
2441 3172
1387 2672
2572 3093
4235 1237
1887 3647
3177 3937
3114 3711
3554 4737
4423 981
2155 35
1047 1852
2011 4505
3812 3214
4839 4205
4417 895
1016 4097
3481 2415
463 2027
5444 2614
4963 2232
1706 3274
1725 446
288 448
2834 5627
1204 5811
1309 5422
3502 3741
3249 317
4969 5609
4551 22
2946 4883
2399 1810
3136 2621
5045 5125
5145 3318
1753 5127
872 1460
2327 3286
1213 4062
5094 67
5803 5806
5467 4561
1447 5371
1116 1319
2172 5466
2623 1444
1794 5232
4475 5031
200 962
913 3415
1741 2590
1203 1938
4215 776
5779 4034
417 5129
1064 3632
1093 4185
1733 4516
3776 899
5218 4593
2220 194
1022 2527
2105 3495
7 1465
4049 4101
4090 1024
3276 4861
5148 2702
4125 2305
4814 959
4578 3194
5451 5041
672 1105
5396 2996
5290 4195
299 5025
2393 3944
1559 3046
2609 5110
3612 4681
1476 4288
2769 740
2078 3423
1042 4605
4156 1586
2818 5427
4055 775
3650 4233
3327 4151
2541 468
945 2287
3070 4197
2356 5216
930 2620
4071 844
5071 4544
500 419
1480 1359
1917 5385
4768 5008
4901 3996
832 669
1560 3652
3400 299
3326 4291
4290 3044
743 5016
158 2006
5075 457
1205 4179
2883 476
3283 4167
487 1805
2888 4932
4812 5666
4616 1804
3915 5479
1925 1619
3195 251
4259 1229
3286 4769
2436 4580
1516 197
1030 5154
4478 2975
193 1557
4678 1148
616 381
798 1174
83 4824
5812 689
3577 3940
5544 937
2254 3912
1895 2093
3448 3665
197 2230
1704 2885
4772 910
851 5352
262 4253
939 420
4771 4586
2374 3472
1512 2367
5819 4178
1362 1958
3593 1072
329 2862
4538 3340
1285 3377
800 1310
2093 4936
5623 115
3281 1277
5515 1553
2289 417
2785 2013
3277 2242
498 1791
3774 5446
5781 573
5314 275
370 4954
3538 1303
3333 4827
3891 5494
1539 1039
3423 5021
924 3807
1824 436
3211 4939
5101 1595
1529 2409
3537 1128
1320 2772
2563 2150
2803 1662
2187 5222
4340 4512
2469 2706
419 4434
1246 3965
5636 5709
5141 5429
3473 2148
4522 366
859 9
3445 2020
772 2290
4176 3926
951 992
443 5690
5586 140
789 5754
527 1560
3456 1178
16 2915
4967 2602
3032 4743
1109 1851
5335 2953
354 1169
2131 2329
4165 4708
3875 3392
569 2205
3832 474
3956 2267
3319 3138
1025 3174
3020 2402
5648 2680
5331 1396
335 5375
148 741
3046 3337
547 3759
1234 2105
3490 3181
5624 1211
2229 4893
3232 3597
3642 2848
2573 1608
1351 4630
3305 5539
5205 3563
4366 497
4164 1104
213 2177
4029 1423
1781 1219
352 5568
3745 2834
4988 2868
4130 520
5569 502
5044 343
4422 4122
5481 548
1674 700
5794 1283
4924 879
439 4468
248 5647
4173 4576
1136 4331
5394 2487
559 4227
4911 4973
2355 5508
2798 3860
684 2696
1580 5702
2631 3527
4953 1658
1876 884
2696 1216
580 964
2691 3406
805 1046
4758 5684
2144 3487
5357 2723
3170 216
4199 1327
4275 4747
1352 948
1255 2864
2941 4369
5673 4098
2173 3170
219 1522
1197 3248
2719 59
5346 3256
1789 2499
3619 4353
3787 839
3401 3696
4824 1888
4287 2813
5283 5827
4247 1624
3982 4467
720 2949
2521 2049
133 4218
52 2063
3297 2253
977 2806
5086 4833
1542 4727
5329 145
3072 1519
1510 224
4892 5037
33 1268
3432 3635
1179 4394
3264 537
2555 5290
3166 706
4548 1604
1538 2564
3079 2263
1796 2169
434 2072
2738 1737
3790 4584
5276 3565
593 1034
3506 3394
1640 2158
93 193
5457 2743
529 1016
2037 2651
2095 2720
4694 4305
1754 3671
5617 818
3910 3446
697 2956
2448 4160
1316 4470
5385 4865
4867 3266
1431 3674
3935 5363
3864 2668
2669 3828
274 951
3116 2334
4094 4334
3617 5502
2885 4378
2087 2005
2055 3306
953 1184
5392 3426
759 4995
1040 1657
1943 4278
552 2985
470 729
4214 4150
3363 3590
5042 677
1280 4413
2010 5628
1195 4543
4909 5580
3207 4148
5371 629
5758 578
5541 4064
612 4038
2856 913
476 4180
4601 4717
2197 907
1931 1153
3291 678
2054 83
3895 1812
18 3190
1698 17
2835 2517
5318 2494
2091 3676
3912 5056
5231 3509
822 3470
4996 53
2944 1281
2872 4892
844 5180
1037 210
909 278
3430 3864
1918 3069
4294 1495
1414 823
985 4127
2084 5772
5501 3515
1621 4051
401 3442
2694 1549
1915 1991
1413 3540
4781 3324
1841 1639
4579 4206
4135 2061
5802 2941
4735 5710
293 1424
3033 4147
5820 1971
5637 2921
86 225
1111 812
1585 2180
2639 1725
265 5439
8 4086
1644 3409
3866 5274
2298 3471
1198 3216
3705 994
4457 1669
1582 3222
5336 3929
4998 2938
5654 554
4689 3142
2637 2492
3378 1358
848 2738
814 1008
5054 2386
2614 3964
5293 1788
2053 4292
3550 997
4319 1116
3752 2501
4330 4089
973 5079
4229 4798
4068 4368
2847 4265
2866 2531
4997 398
4609 5246
3268 1131
4088 175
2133 5138
1214 2829
5725 5378
763 2945
1950 549
2544 1049
5693 1769
1424 4750
5556 5419
3718 1331
4666 2922
4831 5204
480 2147
2145 3942
5070 2825
3542 3654
4987 49
2628 2103
625 2207
2146 1195
5436 5130
1284 2048
4782 1537
5327 680
645 1793
1485 2506
1323 4134
311 4765
202 4712
5181 5756
356 3063
5686 424
98 3628
573 1953
639 2658
4783 15
5128 1771
3591 5692
3854 2342
1049 5497
1991 4040
1743 242
862 3533
1859 3803
2094 2127
2886 652
4720 5525
1809 4899
2789 1497
1144 5574
3071 1057
3133 360
2126 3535
968 974
1793 2419
4835 2503
5710 826
3495 1494
5028 4728
1641 3754
5199 4623
1718 3503
2725 2038
1963 2167
4230 945
4253 2488
4951 123
4890 5489
1532 5317
4406 2138
2149 5513
2486 40
2729 4762
1430 5145
1287 3328
160 2416
4350 415
1312 5379
2233 1913
881 3682
1664 587
3845 2198
5726 2919
5247 3207
5238 298
2140 2673
806 3572
1429 3316
5311 4628
138 916
91 2346
238 4523
5360 2539
2171 4330
3021 192
649 4472
556 5529
598 3519
3888 2875
4930 2684
3496 4157
2036 911
4005 4802
942 1097
853 3762
3196 720
2311 4697
4038 1223
5252 876
1032 5646
4063 431
4456 2306
1897 4951
3816 3351
957 4609
3415 5413
2842 1340
3701 2816
4258 4020
3100 491
4412 3730
943 2682
4521 253
1256 1679
374 2223
3765 3623
3108 37
5562 5255
5033 3309
368 1263
2294 2538
4257 5163
63 1774
3239 3669
1569 1556
5359 3402
307 4164
4482 213
5039 1828
4349 1782
5400 2446
2963 1889
4157 1906
3641 4896
1729 3058
5640 259
4857 4624
4805 4224
1982 3521
3753 3101
2493 4682
1592 1886
5209 5136
5507 794
3287 977
4581 2616
922 5260
4465 4721
2006 656
989 3799
1861 3791
2473 12
5600 5524
5583 5782
544 5293
1062 4277
4535 1384
467 1885
3248 986
3468 1442
3594 3848
4128 2220
2730 1272
4884 1242
1851 4671
2761 2102
5312 3113
3555 5380
2226 1230
5560 2395
2530 2026
2833 2509
3260 4422
4632 3410
4611 5381
5393 5571
1283 1418
1487 1558
2543 5256
424 5458
3668 2694
3289 3607
5763 2362
5154 52
5768 2558
4263 4536
27 4410
3663 3636
3164 598
1947 1785
4455 3005
1163 3217
642 1199
5147 3129
2218 2887
3386 4689
1951 2500
43 2854
2724 5399
955 2515
4553 4614
2041 3921
2984 1331
5113 2339
1827 1486
192 1705
1628 789
1123 2643
4819 4606
857 1767
3926 596
2477 1413
5153 2613
218 860
4329 3688
3028 1951
4361 4094
4726 191
1038 4627
1012 2470
4564 2898
144 5433
3399 5030
3273 1224
3250 1949
4979 1903
3570 898
4945 613
4868 5517
1130 3388
3458 5778
937 5787
2819 1961
4218 3880
925 2619
2672 4885
4598 1845
5088 376
5319 1044
2516 1590
601 5573
4115 2455
5353 2279
880 3262
2588 3530
3157 4217
4220 5711
4322 5824
3730 139
389 3147
4922 3330
1326 1814
2303 3464
5383 414
4599 708
4139 4256
2406 4460
2341 4849
4556 5623
4570 150
2951 3550
631 2830
1288 1985
3643 2328
3045 743
5827 1293
4095 4891
3150 1943
3144 156
2110 1092
3549 229
4435 1439
319 2301
1590 2955
2712 4287
3615 752
1306 1438
2301 4352
4416 799
984 3852
2495 2765
4929 4116
4348 4857
4810 1977
1748 2543
683 5257
3220 3484
2739 3513
1830 149
5506 2774
1374 5591
1662 3136
222 5194
3073 542
4913 3819
4861 3749
5428 4477
4116 5459
2718 880
5622 1813
4324 4417
4392 2789
350 4838
4461 69
1160 1835
1986 2294
1437 3260
2966 4738
548 2853
4808 1897
1127 4440
2777 4790
1786 108
3190 4142
5596 756
4710 1878
3052 5143
4403 3517
5647 2227
4246 4533
3015 2128
2994 4508
776 3564
4492 2670
2482 3953
2531 3000
2552 4429
1642 555
5202 993
3019 1997
1321 64
5697 3104
3451 3990
4573 2568
3821 1374
5376 2356
3568 2473
5297 5717
2799 2767
3381 2495
2674 1973
474 1370
290 490
786 5618
4484 5672
5575 5418
2127 2916
11 2569
5792 1206
3362 4346
4197 4550
1270 2725
2071 832
1687 4803
1834 3271
2621 5289
3547 3461
2515 3687
4302 239
656 3027
4682 4930
3734 4734
1435 2895
34 503
4066 4391
696 1483
682 3639
4086 5643
2969 3319
2267 5645
2794 5435
595 2047
1330 755
1992 3609
4219 3756
112 3627
1096 3024
5281 5770
5084 861
4521 2891
1812 2436
2927 4687
3344 2633
1648 4649
1746 369
3112 3476
4853 2120
4804 2881
2109 2097
1433 2768
3251 4957
5342 835
2596 536
1221 2933
243 2427
2848 3467
5664 2491
2004 1955
2846 5368
2212 4907
1428 4281
4742 496
3449 661
1544 4540
5780 280
2202 1235
140 5070
5222 2283
3216 2970
1570 2994
1085 5565
1015 5214
4008 3911
5104 2456
3143 1467
267 2724
1068 3012
1618 1051
2567 1185
2199 147
916 5183
5492 1087
2183 2162
3162 5218
4506 4299
3719 5082
5001 246
1678 3768
13 5303
4838 609
2731 1114
1758 4228
3744 4515
2741 715
2349 18
1913 5400
2141 2365
2822 4294
744 1696
2936 731
3830 325
2368 1449
5469 186
1445 4657
4973 228
1450 1674
1616 2095
4222 4839
782 2031
1408 5029
429 4570
875 3151
2270 841
3084 4744
3066 920
4326 4059
2942 4972
5160 3244
3320 2041
5289 3236
3487 1952
426 1159
5721 348
2926 1654
4167 506
391 5131
1903 5640
1011 3938
5298 1643
1591 4490
373 4840
733 5553
3437 3417
2049 485
2411 1538
4363 2800
5166 2143
5250 1614
3235 411
3241 3640
297 5124
3656 2086
284 5043
5381 881
5007 5234
30 2050
5740 1043
58 5491
3716 2562
4539 2216
3997 1055
2930 833
446 2578
3178 2902
524 3994
1024 3237
4397 3966
5632 4286
1819 4250
3039 4886
5567 801
4453 4402
1220 5142
4635 730
35 3776
3627 655
2929 1877
3924 1613
3470 1693
4641 2195
1981 4072
1420 4752
161 5412
5519 5804
5091 2009
17 3529
4414 3468
5010 572
422 929
3485 1317
5808 1713
2902 3016
4638 2987
5611 4081
4270 4776
5486 84
4887 261
4308 5826
2660 1150
2285 1539
825 864
1349 2811
4305 1517
4527 2833
3911 3698
563 2285
3781 2375
1691 1626
2754 4247
2622 693
5793 3690
3604 4401
4061 3357
5459 5264
4591 44
3925 3122
2244 333
67 2266
1504 1704
4572 1761
1507 3252
999 3196
1063 3982
3104 4118
4365 3192
760 5768
3583 5443
1829 3505
2507 1430
1355 408
2980 2667
1806 5391
1099 1582
2519 3385
2275 1073
606 607
753 3317
5443 585
4982 54
5448 996
2026 3804
561 4342
2178 356
4775 2560
1192 5150
4725 1601
3961 2053
3476 465
741 4211
4626 4763
5172 4760
1223 1077
3818 14
4879 5463
1751 950
3539 1715
3684 2709
1129 3885
4524 3973
2028 5724
4935 1802
2273 1820
1710 1443
565 2347
2153 1954
4789 2368
4004 5212
2245 2713
355 3933
2404 759
2684 1197
923 265
3288 3176
410 1414
842 1823
5345 1822
4796 4121
4106 481
3940 2164
2375 2735
4970 5510
3860 522
5040 5268
4436 5601
854 4300
3807 5229
1744 3594
5208 2952
3270 4011
2875 2888
1894 3653
40 5697
530 2545
4806 3361
5427 487
3376 1764
3973 938
693 2017
5190 1525
2750 2968
1614 4921
2768 3030
5455 1056
1133 5637
1080 915
4753 483
1714 4173
1092 4713
2751 1337
3859 4037
5824 498
878 808
997 4105
3532 1292
1074 4901
5661 3149
3377 2129
553 1021
5225 601
5478 5505
5829 2291
4830 1500
3667 1060
5065 626
525 5192
4261 3078
5410 1099
170 1243
961 5019
3078 3857
1029 5527
5476 4510
172 3740
4285 5598
4700 3922
490 1518
4980 1098
671 5499
2120 1245
871 2819
4058 5614
77 3308
89 2484
3197 825
1579 4783
333 3913
24 2969
4434 3354
4318 1392
3160 4982
3600 5421
4362 3605
1103 254
3648 2708
5832 2790
4865 4418
3671 3173
3934 1376
32 3817
1971 2820
634 335
2865 849
5418 1264
4734 2379
4017 4257
1526 2246
466 4469
692 4313
1594 1078
2479 3575
3008 4155
3226 1270
4082 5051
80 3738
5665 3552
3243 1830
3120 4471
339 5299
3453 760
3578 4888
1620 5098
4747 3920
4211 5393
3814 5436
1455 517
1617 2770
5565 5474
1314 4014
4 2839
4902 904
3050 4439
3810 118
4770 1380
473 3968
664 4926
398 2378
824 1908
4274 5416
788 4156
380 3496
724 1936
1898 5049
3263 1687
1010 34
2677 4359
1527 222
850 3206
5036 1191
944 1165
4813 1542
5386 1453
3159 4032
1286 5644
1633 4145
1118 1095
791 3732
3055 4018
2405 592
1423 4858
514 4879
2284 2892
819 2990
4891 1266
3857 1170
5554 28
610 4186
1398 1855
5096 2326
2636 1640
3947 616
970 1139
5230 2838
662 2091
4044 1703
3351 4120
2047 4597
533 5523
1910 3295
2753 3311
4623 4956
4341 4813
2997 1511
2616 1772
2461 1076
5564 4691
512 5067
4760 1585
413 1819
5140 2330
3958 5611
1341 3439
619 1779
1959 1286
5053 339
706 5181
3307 847
4916 4438
2383 2802
1658 3412
2693 3608
2134 1534
4550 1014
3318 2703
1122 3560
5694 82
618 3781
2558 2780
1583 3305
4314 1809
3762 2088
1934 2847
3005 1982
4345 322
3117 3910
2020 2784
2804 1781
282 1161
5158 4720
801 960
217 3962
4480 1356
2957 5351
5513 1969
2937 4869
2723 121
4405 292
5047 903
3661 4112
627 5356
626 5322
2931 2238
1358 3722
5189 2390
3510 495
2232 5294
365 747
3388 2137
3640 2170
5603 3362
5453 4856
4083 1864
228 3144
4059 5785
5468 1314
3145 195
583 2497
431 443
1755 5164
1105 4975
3492 307
515 5052
2828 980
1853 1338
1014 5500
4861 4347
5259 3546
425 2624
2159 1742
4072 3986
453 1440
485 2414
423 4489
2121 4454
5328 4611
1988 4078
1914 4385
4583 5169
974 2995
4668 936
5435 269
624 3445
4938 3648
2845 2231
5235 1831
1680 2580
4567 1107
518 942
2625 4923
116 3220
2162 3082
5024 2942
3242 2971
3007 4117
3361 375
3176 2444
1224 3163
4500 3855
5280 4246
2956 1402
438 4060
4508 5114
3569 2608
5707 332
5615 3384
4451 4336
1370 5445
1630 1891
2492 745
3533 1507
4334 1934
5806 3969
2589 464
5030 3083
1060 3812
296 1409
1778 3955
5630 4451
1354 281
1804 80
3916 3622
3786 4949
3645 1305
3065 2739
1528 2639
1505 3099
2452 3764
198 4449
5125 1202
2455 2466
2365 2071
4380 2260
2470 641
4688 767
3515 4541
4373 2845
676 4860
1269 2785
3110 4567
2139 1821
2398 1711
5633 3143
1247 3003
767 5247
1972 3285
5344 4212
5579 5365
5301 3853
312 3459
1491 5751
3031 4811
1666 3102
3186 1966
3199 2295
2921 5390
4390 1360
877 4067
2190 2880
2376 4318
1890 3620
180 4502
2128 718
882 734
2773 383
5389 4960
2414 2453
1048 2810
5210 3109
646 5001
1385 5485
1519 1160
927 2598
437 2408
1301 212
1181 3428
5489 2849
1441 5659
2871 3634
1110 2758
5316 1801
3541 4967
4062 1346
3616 1682
3567 4326
5193 3209
2098 4455
747 2897
2433 4036
1942 4165
2800 2546
3718 5113
852 4187
5715 3603
69 5453
1686 2276
3109 2226
3412 5783
1550 2352
3529 4935
28 1641
2975 2937
5116 2607
1493 3035
1448 5655
2700 393
2821 3231
3088 2098
1655 692
2640 217
1150 5723
579 4015
4654 2467
1912 3841
2113 5078
3938 3621
726 3068
2770 5663
3694 1743
4843 88
3038 3033
4932 1652
4158 4104
1907 733
817 1698
2381 3797
395 392
1958 293
85 3697
3573 1536
50 1629
2501 141
1173 4863
411 4699
4773 3825
4642 1368
106 2840
435 2136
3783 2883
4463 5430
4495 946
5810 1787
4264 2669
382 4083
203 2175
2231 1473
3346 584
5012 1722
5169 1559
2096 5534
2288 3139
4146 2369
5151 3954
5720 5123
5769 707
5631 3438
2488 1970
4777 1472
2295 1602
5220 1591
3137 308
2910 4079
1421 455
1537 5315
3313 4242
2518 3397
3848 1740
5798 4600
860 5177
5465 3390
3902 3532
3059 5462
4295 4009
4672 2391
1771 1176
3561 25
1132 2777
4189 2498
5175 3341
5378 5802
1275 2432
5111 4791
4077 3809
4757 4631
958 1215
604 1594
1888 161
4343 2814
5735 4019
2160 4837
3977 1808
292 5775
2308 526
883 2425
1854 5291
4565 5202
2065 4091
5237 3280
5599 2422
3575 3430
4261 1704
1003 2485
2424 3558
4842 4188
1845 1546
780 5321
2939 3418
833 3822
3867 828
584 2424
2736 5076
5241 2763
1180 4230
4851 5651
2587 3775
4595 258
1763 594
1146 3257
4467 4071
4102 3349
5801 5340
4479 3367
4972 5221
61 5795
4809 3323
1911 4909
2727 5544
1054 3148
2033 5243
2152 2612
2467 3668
1969 5833
5690 1113
3858 1738
4201 458
5129 4240
587 2210
1952 5776
3827 1124
1825 2822
254 4129
3499 1183
258 29
762 1154
5348 2000
1932 2004
3717 4929
589 928
2535 4701
1265 1498
2513 2354
2021 2403
4727 746
1494 2373
585 4208
5363 2519
1965 2350
5268 2015
5749 2750
3093 1351
5251 3831
3566 4707
1339 5602
2851 2794
636 43
5674 3273
2999 3662
5317 3659
1231 164
272 1863
2688 4598
3817 2380
2079 862
3599 144
4161 1085
3014 2096
167 5493
4377 4683
1990 787
1245 1552
1097 3773
3146 4636
4899 4618
5124 2749
5641 3299
4964 1644
2481 3808
501 5039
1546 3223
2046 4579
5621 374
5687 1088
2107 4551
1609 5314
1490 5438
3259 3429
4737 1213
3356 1680
2744 2666
4855 2889
4425 3760
4490 770
5733 1307
3083 4729
5117 1304
4949 2788
1578 1841
358 5252
1169 509
3631 4322
261 3451
3218 4977
1155 450
1600 738
4284 588
4826 3088
3278 406
4636 712
1999 3663
5164 5721
259 1869
4621 3455
4944 272
702 2559
2174 547
1277 2512
746 4052
2532 2110
5242 1948
3128 1385
215 1041
1278 2039
988 2934
2338 3981
2517 593
895 5224
4530 5071
637 5327
661 4556
3651 857
270 1533
5282 820
3601 2932
5372 166
2279 736
1291 4371
4393 5648
19 919
2359 659
1997 683
4084 3353
2797 5694
4386 3947
226 4880
3435 709
1176 5044
5836 3160
4691 3878
5150 1990
5638 4583
5752 2046
2745 3893
4580 5259
3184 1248
4926 1164
5048 2457
2058 1930
1823 127
5601 4917
4114 4085
2318 1209
1492 2160
3497 4563
1338 786
4825 3923
941 4992
3929 1349
3097 1188
2352 3108
2520 3028
1113 1894
2815 4807
3795 3511
4904 2925
2354 412
2337 758
5120 2964
149 5144
5375 3059
2447 2323
1547 3396
2832 4989
1319 3031
3638 271
623 544
2703 357
2652 5223
1933 4296
2986 3907
2705 5450
5814 2715
4612 410
5020 967
5729 5010
5173 1919
3367 1747
3968 5455
1703 4210
3284 3757
206 4700
2342 3441
2796 1765
4089 1435
1923 2252
2031 1564
647 3547
464 5312
3995 619
2540 2781
1695 135
4178 1321
540 3057
5217 2145
5666 2795
4021 2116
142 2043
5361 1422
4605 983
1211 2161
4931 2384
308 926
3942 5034
4444 399
1368 4293
4025 154
5087 4950
2734 1615
4396 1513
2274 2831
4724 644
1721 634
376 806
869 2293
3576 4702
4900 3742
2449 364
1941 4029
1453 2835
4204 779
4759 1706
2687 2344
2103 2297
2246 3678
4280 323
591 1876
3782 4271
2708 2082
1839 3646
1071 3240
3633 878
492 3580
2297 1244
1518 1601
605 5624
758 5241
5287 1332
2923 125
2576 2766
3252 2576
4057 5769
3946 2184
2917 3091
3856 4670
1345 368
1739 5674
190 5106
519 1554
4020 811
3063 5017
2313 2982
4989 1667
1281 318
1769 5324
3775 877
5379 1096
5403 2374
3580 5054
3012 234
1645 5699
2219 3749
4126 1528
3690 3179
5424 4419
5770 3398
1517 5599
5551 3443
4908 3562
1924 723
2620 2188
2891 597
1767 3335
2643 1318
2363 4135
1732 1843
723 5625
4023 1290
5245 3763
3722 1084
2618 5681
5470 658
2366 5677
4585 630
3574 2080
1892 5009
1705 5405
4009 3189
12 2133
3755 2611
4387 1119
614 3813
4859 20
1396 24
4379 266
2511 1471
1297 2593
5692 4360
5778 2475
4540 3570
4033 5182
1598 3477
3457 4777
2425 4761
3966 1032
804 510
134 5167
3692 560
5608 4996
3472 1760
3060 5805
4250 1141
2118 3419
1479 2077
5017 4344
4370 834
479 4653
2823 5415
5498 2303
1377 267
5584 2693
103 618
2881 1488
4740 4128
1684 900
3824 2647
3724 5119
5369 1038
2584 642
4820 4220
2604 3889
5057 5015
2497 1220
2302 2357
2227 5003
1596 3294
3323 3208
3899 4492
3393 4642
719 199
4172 595
710 5725
4741 2153
1073 1006
5722 4484
1371 4841
295 4964
902 4804
2478 1673
4647 4091
127 2477
10 4599
2767 4834
5628 461
2069 3019
4344 3716
4369 2068
1750 3250
574 4309
5549 1865
4217 1548
2417 4444
250 2259
3731 3906
5458 2526
3026 4799
3129 2851
1694 5731
3629 3321
1442 863
2198 1983
4032 7
5391 1328
5107 2299
5612 4284
5743 3589
641 4988
1147 2154
5131 2094
5228 11
3872 2533
3302 4251
5815 4878
3135 5146
4074 5492
3121 4795
887 1618
4552 3092
648 3436
3036 2233
5517 1979
2548 4183
2982 1375
3528 5002
1837 303
2168 3904
2397 2410
2613 4947
2615 5271
1152 99
5165 5498
4807 203
1724 1675
4761 1446
4446 3939
5813 1357
1488 3751
4667 4261
1558 5593
4864 5417
4312 1650
4946 1751
2117 1837
1752 5794
5730 5023
5347 2581
2240 4054
1412 352
1337 1256
1866 1976
5414 4119
1700 2586
5412 3820
4093 3048
4499 5511
4187 2745
5182 5784
4803 5152
199 516
1149 466
2005 109
3794 666
221 2940
2551 4881
938 3897
2076 1735
3904 1018
364 4192
4696 2111
602 4986
5219 695
1779 5715
3930 1645
3295 4282
3873 2939
4410 5300
3314 1315
3552 4948
4036 4499
5018 3489
5670 346
5643 3959
3358 3381
2252 1975
3584 3002
2196 2189
3436 558
5127 3916
3952 563
1102 901
2045 513
2860 111
5594 5566
1595 4416
5577 3062
286 3586
3720 5461
1919 2450
1470 2480
2496 4275
3003 3089
275 2268
2138 3162
2085 2481
4001 5328
1800 1300
1361 3327
1554 1143
4433 1612
4503 1250
681 2214
3703 401
4594 134
5061 3641
4051 4131
2154 2100
1452 4255
3219 1284
2347 5372
1961 1126
324 5344
1661 1523
4105 5090
2814 1993
5417 2337
3828 87
3202 2974
5322 5179
1229 4010
2764 288
5660 2040
2985 3710
5573 2924
3969 1066
347 268
4389 3683
4132 2866
4978 38
4815 4493
5545 3767
3747 3997
1945 1157
3544 5341
766 3339
4549 3783
1956 1002
1940 262
4040 1732
1343 3525
2683 973
5142 4270
4154 4758
775 300
735 2642
2257 5097
186 1378
4332 178
5702 5064
5358 3785
5613 717
2070 3008
4117 2698
5067 3346
4472 2946
5718 2622
4620 1042
4701 970
3245 5693
460 4023
1745 370
3455 4375
2195 418
1929 274
2737 2959
3524 5572
779 2441
214 2407
22 3821
326 2212
495 1204
4955 402
3850 2645
2965 3633
3964 1726
1134 2920
2018 1665
3602 1491
2953 2192
2050 4634
3879 5831
2629 4315
2877 1750
3016 866
2100 751
2317 3320
2367 1103
4468 4266
2343 1730
342 2381
1101 5402
5051 5184
2167 3631
3805 2948
3563 4610
109 2204
399 3389
1165 955
4039 4441
4767 5777
1768 4591
4730 3029
790 2135
4014 5156
1395 5
1184 5178
1663 4033
4101 935
629 5326
1975 5272
4070 5301
3903 2426
4960 5277
2774 3219
1121 2060
3898 3865
484 732
5351 3816
4192 1298
2666 815
4507 439
4512 423
5553 1106
1401 290
3441 4333
3334 1355
3855 2549
2827 1685
2306 4660
1465 654
4505 2244
4060 2579
4096 81
57 2345
1084 1550
4202 4673
3054 5050
3240 1417
4395 2081
810 2782
4849 3366
4536 5676
4278 1149
3213 3103
3382 2239
2938 3463
1202 2045
4267 3957
1332 5596
2608 1998
3224 1566
3513 5063
4203 686
5510 5530
3238 1620
3408 313
3572 5139
2234 2003
3374 462
5296 1815
2276 1457
3683 5626
1206 2130
4225 89
3624 50
2560 2078
635 1980
4196 4458
5589 5696
1375 3116
4236 4794
5401 4445
3658 3118
4181 1048
2260 4843
1650 319
1983 2514
4251 2023
448 5174
3798 198
4543 4
2900 3270
600 633
3183 4272
4622 1512
456 5560
2763 3111
952 1842
3274 3877
2457 1254
5500 1064
1292 5552
3253 1989
2325 4383
5355 2992
1252 3914
1372 4733
2102 528
1172 769
1646 5225
730 4061
5064 3006
1810 1181
3282 1146
461 3348
21 316
26 5132
2410 1931
4651 744
278 122
3501 2462
1783 1168
2092 1918
4837 4349
3507 1598
1737 1132
145 3404
5197 5302
1125 939
571 1133
2843 85
3933 1790
2039 2353
4619 1811
2882 3064
4240 4221
3588 90
2862 2957
1331 4264
4915 2965
4515 5467
1418 1271
1466 3643
1304 507
1774 5456
5411 620
4882 1480
3984 4945
5183 3672
506 16
4327 1720
1041 2873
231 1252
4880 4191
310 4715
1002 1503
344 538
2307 4310
2443 2988
4765 3447
1119 238
5795 2507
4147 4475
4728 5263
1681 2406
3951 4381
3106 380
4607 3094
2132 2691
175 5619
3198 4678
4898 1050
1076 2712
5227 4500
5777 4045
4315 5166
2809 2979
5221 883
2304 1928
1948 3718
1863 2359
2876 1981
1764 4007
1928 1609
896 3387
3491 2176
4179 2493
1336 435
802 2540
4293 3987
4590 6
5420 4675
2915 5022
976 3765
4729 934
998 3420
4168 4196
2462 2627
5330 4525
209 3279
3309 793
3611 4643
2346 1792
4473 5343
845 1857
1742 1844
1183 4748
4940 4625
1904 5047
320 3952
4934 1487
5535 473
3553 302
3298 5622
3233 2113
1164 3043
4043 2610
4496 1739
3043 3578
5522 1664
3707 451
260 2998
699 202
1072 3469
5437 248
4205 784
4713 3788
5052 21
4237 3595
3675 2168
4027 4842
3292 5678
4958 4063
1611 3115
1970 4801
5727 3001
4169 363
2508 2447
5659 2430
4121 4559
72 1411
4702 129
4774 2535
2610 1749
1070 4759
3945 2079
4597 1873
921 2516
920 1121
4606 4298
3963 372
3156 1147
3092 5348
996 5250
4920 4877
5520 4503
1191 1187
4254 2464
3586 1946
4037 1348
4531 773
2170 5452
1407 4194
79 1853
2868 716
2485 4557
4582 2730
3407 1651
4331 543
3099 3510
3209 5630
3585 1904
890 4961
357 5057
1921 5483
3687 5258
738 3460
125 5487
1727 2551
2605 4695
71 2595
4122 4084
3182 5541
3618 739
3939 4522
3357 1862
2419 3239
5700 5705
298 3150
2451 31
1984 5600
2791 4267
3519 361
2169 1839
4750 3014
2715 1151
1313 3548
178 3167
3919 1123
5184 3202
1954 5308
5253 1405
216 782
3265 5292
2955 1892
2503 4053
5035 3300
5105 5398
2106 2927
1193 211
5504 754
3647 3411
3044 5350
3206 2319
4195 4374
2633 4659
5571 4779
5196 172
2330 1632
761 3372
2064 3793
707 5535
4306 4679
4186 4555
1486 4904
2300 3347
5304 1111
3048 3976
4518 2878
3486 1565
1811 2338
371 447
4858 1724
4684 3393
5542 5561
5 2014
1055 3056
774 800
5488 1707
5723 2271
1120 5323
3125 1562
5587 713
3780 3888
1669 4528
1723 5355
5214 1795
2401 2741
2459 1371
1791 4978
4604 5253
680 236
669 2850
5766 4848
2351 1870
3635 5635
4644 1425
5365 5520
1175 1960
4794 3356
1765 3177
992 2804
4429 2400
3205 4159
1089 1957
4299 4345
4925 859
4307 2879
1266 1699
4918 3661
4661 1514
3230 1867
5256 5014
1417 1177
4523 574
2913 2282
1638 177
2781 1029
2650 1144
1873 4213
2290 4664
147 3155
2755 4488
2859 4024
4129 2179
3062 1900
4413 2121
1399 2877
244 5135
2595 5578
3352 1544
5398 4423
542 4941
4941 2587
3871 1257
564 1172
1716 1013
3804 1907
53 5091
65 1524
3829 4260
5677 3999
39 2181
3244 5546
3699 3480
5135 4644
1808 354
2216 2089
2255 5563
3652 2318
3768 3815
