550 903
568248811 988901574 453172501 841273028 221979604 46387921 814169723 778039303 83176688 421906282 311845328 82435138 325964820 576045846 989166707 800857494 495240980 113892912 317180915 71039098 202187142 990402499 981579273 425618868 843680164 434074101 227300429 888413394 634000232 436721146 959196382 752506216 42791970 71241214 848767923 813339084 67508569 143849235 584942714 340537871 768776509 627027243 879014691 694940165 200297354 245496568 453893764 570908463 481792127 578647831 636973518 304459511 958466073 503143595 634343802 909955637 860675405 601960389 342924290 787846919 503671897 209251508 227245242 95629824 599233567 654851428 904831363 363990950 773524614 993623410 816435165 709959875 602198549 203068739 269528579 780879524 851195388 202325138 751598984 260224413 883940987 100217636 359996575 408834528 643407241 406550315 322248881 193298110 706262486 109676831 945007052 774179112 238996841 724312660 553212248 662537702 418878293 732701763 150396181 845613646 175573833 472189332 690498489 396947909 640779193 345680350 265915961 127587121 953497031 604020354 723260167 252126645 117181560 732846679 461374486 209485199 665979278 49413629 252593933 841688721 190052484 975752118 76058883 970477975 246406142 952638622 976936988 82973996 543612431 951825039 600416932 386484639 677551232 109352165 742980081 286477725 785508393 444260878 764413783 836366057 474441593 216698010 772659953 950764494 471035734 784840813 894720506 920425184 139039955 743421167 312209215 414746947 60083111 762011085 734949752 857271582 145571522 291557041 696801511 287538433 551676962 669613350 507043659 308921765 306216876 730005533 782949745 173741410 753035800 553747046 831110753 842345228 325006793 98567098 843727460 412332572 132253025 256351950 151020107 103805245 153866995 113471401 577003527 61613729 495682416 61065450 957988842 350859902 738768434 637095983 708273089 144229424 131710136 478020147 715667935 710739563 311160160 91645598 124752797 85096417 73010458 180470223 5433432 233648174 596762575 635690403 222809269 482786756 549609393 180206477 59869475 845227750 768567266 527650568 398116430 287975637 465560615 113550710 31523746 191681377 629969279 371573929 36664484 960975101 935377188 427777849 704009515 951538164 19129318 713785811 504384081 108546275 780713696 584860260 334047791 714738907 134114124 819809354 700352196 594051578 898034909 589532670 234448867 166363350 752657426 298976442 80633415 41116242 116378111 838409987 170521698 213591433 846275556 852411466 483268664 237675362 243554997 447745283 211796475 945171972 360376011 193345926 132468787 3866704 797176742 701405759 617279802 689925558 765506143 172181531 234267406 368325929 370137534 733741087 224359158 777155891 24860422 236983115 195915446 517963079 718410843 793518740 802013373 281108599 732800667 42450075 604429817 241319180 153264717 443330124 365681959 184370083 481818799 260927477 375630862 46244283 596228282 173737546 49866100 176628323 783822761 816794079 90033527 172154733 773546430 115750123 56781667 190339439 333018835 261186849 687452157 140304155 846789439 353116709 517437523 572670357 774665322 326567622 802851384 55720287 922595443 184751503 871520868 891458909 713202987 438143231 865857 268232935 467390017 751963 515119483 765230053 389250284 625894756 771106311 487620781 536687761 358163376 136219185 695617846 409465532 400259202 306375781 987119828 171552553 677466742 956710185 785868850 328748422 132500583 52987522 270910615 182267949 504767681 920563729 163950532 544196081 948824909 118223785 921404553 661031764 359147053 358585646 616126412 890628670 210997940 440599630 519861062 721665174 13831490 694738116 391960741 268829631 601929126 149052972 45490525 831580593 298175654 726599874 888808155 798612363 314259739 431166227 771382040 52206730 370566981 58744278 544379028 699897043 188087562 521958095 861624909 29720833 217590064 173875189 670817335 535762145 670683022 460608703 137461690 874847493 486017007 685031778 257510548 766510558 904071036 993201424 51056653 781327150 862263843 270329837 684452149 510086511 317310363 968430136 375517456 746486494 967821529 246293696 590538054 372747638 383947385 512894939 254615863 28914042 920929353 488412442 298905956 152160196 493448927 330508598 625202775 331948995 597030216 780384986 446114842 210506431 797149402 241385398 924577093 698862279 794470802 679638382 555151934 218148598 978013138 463182071 238970819 197722418 858574598 24849212 50278081 259646459 243341092 929533054 160513616 668475854 578859717 78137960 47922258 367612535 724455726 646657640 552074149 984457823 182857196 639029859 10127533 732441744 264393885 483391776 816482300 273766146 394082256 287172367 4501689 929744048 93691296 618114562 322975016 946144068 155109056 626631067 410137038 569183280 350069946 826547737 104904161 745588643 1804458 746787589 613344682 493446485 552451964 461477178 688663968 344131057 342770653 188133368 38216595 276747428 197688691 389900006 988293668 31711481 360438736 118558438 736881125 782505825 145116324 108908337 169251155 80853410 777067616 818468743 294432986 442637503 375462049 698055539 306708430 414535658 443491790 66027866 817037454 763003984 509901343 247520259 216593138 680165403 117549682 439092677 99663057 711002808 562271189 491944489 169493774 710495286 476135926 86510729 818153772 880358630 995533903 122518295 559174698 324503586 847706087 105101483 757691930 226924596 741972035 
1 266 289 8831741
2 115 327
2 143 178
1 219 279 681659747
1 272 499 906122837
1 20 536 691037922
2 78 273
1 124 300 637930683
2 438 494
1 164 538 817784961
2 331 524
2 33 452
1 172 389 156099057
2 202 536
1 22 151 419546697
1 324 442 66302826
1 86 134 679395034
1 443 488 270974094
1 5 271 360021531
2 462 467
2 145 485
2 429 523
1 280 306 612216187
2 31 213
1 54 373 407013556
2 129 429
1 151 178 562464735
1 382 503 122024113
1 177 479 89464672
1 14 154 207208637
2 527 548
2 376 454
2 247 425
2 54 302
2 320 505
2 100 544
2 161 336
2 36 91
2 4 438
1 277 495 274987593
2 353 399
2 152 154
2 127 295
2 354 454
1 276 440 896140517
1 73 493 888840561
1 205 280 972476071
1 11 185 120707328
1 91 416 234032598
1 391 542 157702930
2 77 517
1 58 70 524320938
2 195 306
1 332 365 683493882
1 253 315 551251325
1 201 385 729179411
2 257 499
1 82 372 87843709
2 156 230
2 184 311
1 37 377 976932168
2 45 210
1 110 125 152560027
2 139 455
1 34 336 750151678
2 123 417
2 64 86
1 218 243 614930941
2 365 496
1 159 436 312535847
2 167 501
1 62 475 288213636
1 14 335 642167920
1 55 492 692345296
2 359 512
1 230 416 742609519
2 357 490
2 237 537
2 128 323
2 198 370
2 327 434
1 455 496 381479823
2 30 410
2 149 440
1 304 417 460542180
1 122 407 196892633
2 167 441
2 267 549
2 269 322
1 156 383 397555345
2 129 325
1 202 288 591743817
1 183 356 16726086
1 7 522 738543056
1 363 506 49850110
2 180 328
1 31 259 527242438
1 269 517 32799449
2 68 475
1 264 301 691541811
2 122 139
1 150 226 754561453
1 297 436 153733396
2 122 318
1 367 386 61122134
1 88 501 167419531
2 91 292
2 179 404
1 80 435 322860716
2 374 519
1 210 312 462423417
1 266 438 344628591
1 236 299 531690599
2 400 524
2 215 301
2 331 371
2 120 217
1 471 534 347896622
2 7 407
1 70 532 115626467
2 34 437
1 389 524 957657385
1 348 379 377898204
1 116 436 298750020
2 150 169
1 50 529 657397343
1 350 538 89587952
1 247 477 579514555
2 414 443
2 471 537
2 24 52
2 55 170
2 166 222
1 13 45 763999348
1 39 453 744948360
1 50 426 425203831
2 13 336
1 247 340 718280124
2 278 545
1 154 530 564744290
2 165 261
2 262 463
1 440 540 341810008
2 13 399
2 21 288
2 112 359
2 229 368
2 368 544
2 244 526
1 63 347 930407472
2 44 361
1 357 491 339327955
2 226 473
1 452 508 144120424
2 113 286
2 207 386
1 400 546 714890597
1 227 350 195999958
2 226 537
2 95 532
2 90 224
1 175 510 105841976
1 28 448 161129750
1 173 353 391970358
2 30 125
1 24 219 228362368
2 237 478
2 88 187
1 114 447 423390141
2 1 89
1 282 460 457119543
2 77 191
2 181 473
1 174 534 170519506
1 145 462 78880621
1 309 520 471656399
1 414 509 532271401
1 240 333 173428923
2 81 441
2 193 374
1 105 548 96719888
1 262 297 149537141
1 161 478 9613058
1 153 299 932879069
2 154 360
1 181 487 507763144
2 20 410
1 239 341 178339827
2 81 291
1 363 497 908318554
1 292 396 993518898
2 236 550
1 499 527 380120425
1 261 544 939862597
1 59 436 165529632
2 161 359
2 48 226
1 10 377 325824268
2 202 535
1 70 155 787351609
2 380 492
1 415 484 508091351
1 150 442 11206438
1 249 514 347061580
2 247 446
2 258 399
1 88 232 628414968
1 231 516 850329261
2 71 271
1 52 510 640320325
1 300 475 32836699
2 372 516
1 422 470 485452792
2 97 311
2 151 356
1 388 409 535589999
2 504 505
1 155 207 467181615
1 109 530 876741209
2 32 323
2 125 354
2 90 316
1 437 467 651218840
1 128 139 876926033
1 17 302 707673128
1 3 372 819457506
1 446 483 940466311
1 91 207 51714328
1 236 432 314368913
1 10 335 963584761
1 227 517 343729028
2 167 509
2 84 113
2 40 176
1 133 375 670170906
2 42 497
1 123 427 996629332
2 108 438
2 82 544
1 121 266 640833749
1 115 137 230181986
2 19 442
2 262 302
1 17 103 462743005
2 62 475
2 446 469
2 166 354
2 220 286
1 32 507 384692651
2 101 356
1 236 327 60104204
1 297 397 261482456
1 95 156 417516609
1 6 317 900792226
1 227 302 957974625
2 192 480
2 80 406
2 80 405
1 443 473 286467023
2 32 353
2 268 437
2 42 155
1 170 405 755174452
2 187 451
2 81 377
1 10 87 208384376
1 365 472 712167976
2 205 418
1 145 471 530427994
1 54 490 21633073
1 290 323 36525152
1 417 506 629998774
2 285 507
1 6 97 621679881
1 161 250 916266640
2 45 289
2 265 352
1 498 517 757032397
2 231 422
1 94 95 930063580
2 61 497
2 66 305
1 292 485 504127518
2 97 246
2 395 440
2 333 358
2 57 471
2 259 465
2 170 250
1 284 324 877281119
2 104 334
2 262 470
1 98 263 124290140
2 155 504
1 244 245 435742223
1 17 209 456201629
1 27 159 104032554
2 80 353
1 435 525 366645743
2 10 229
2 56 548
2 104 521
2 237 402
2 182 521
1 263 311 473401466
2 139 548
2 187 374
2 203 217
2 171 241
1 215 216 623127180
1 273 335 249354749
1 367 392 833577740
1 183 430 506898109
2 273 455
1 250 363 989318652
1 10 341 810873485
1 500 501 478006711
1 24 276 783496462
2 301 391
2 61 190
1 295 316 144805788
1 194 354 682735671
1 201 368 498258866
2 350 431
2 114 227
1 453 477 490002648
2 228 278
1 316 457 55299948
2 93 414
1 17 235 368564334
2 195 538
1 147 157 869562228
1 93 466 692203668
1 30 436 663012994
2 210 436
1 119 512 335893997
2 259 497
1 158 436 273262775
2 339 475
1 338 494 684016429
2 110 157
2 127 301
2 85 294
2 45 189
1 222 410 153493938
1 87 545 935731750
2 256 436
2 223 373
2 221 530
2 154 285
1 132 191 336950311
1 54 351 542129333
1 133 516 541948425
2 199 249
1 285 414 299158556
1 92 100 988044711
1 222 531 667374243
1 244 550 536158223
1 240 326 597205857
1 114 241 708712868
2 53 504
2 100 458
2 343 442
2 58 189
2 359 481
2 183 402
2 187 379
2 236 394
1 377 520 362389592
1 121 445 618003249
2 237 278
2 88 312
1 3 520 14940273
1 517 539 86503170
1 329 453 816559457
1 286 372 411830392
2 229 428
1 78 232 807971215
2 62 63
1 107 233 956387423
2 229 474
2 31 288
2 328 399
2 67 519
1 171 344 140366580
1 203 488 969326692
1 478 497 263519317
2 328 465
2 318 415
1 303 508 387616611
2 88 497
1 198 510 387679885
1 31 297 660089820
1 162 436 329152578
1 543 544 318453234
2 259 328
2 109 145
2 232 327
1 354 397 941008018
2 60 534
2 86 174
1 377 379 225406762
2 3 489
1 114 166 373271568
2 4 282
1 62 286 926016686
1 347 360 144484619
2 208 425
1 74 534 74890730
2 77 432
1 283 510 623194672
2 89 136
1 240 439 493435171
1 86 541 505506859
2 86 542
1 123 418 487728300
1 328 367 459492949
2 351 502
2 101 220
1 344 370 364331301
1 415 545 868646146
1 166 312 613988479
2 368 523
1 161 260 346682206
2 146 545
1 234 536 959593650
1 230 321 504464833
2 52 222
2 98 131
1 97 426 475910971
2 185 409
1 162 195 561112025
2 82 282
1 174 368 131326133
2 209 340
1 138 420 812564871
1 106 364 632057917
1 37 173 806497022
2 134 178
2 70 330
2 289 310
1 160 391 280307229
1 467 468 173527088
2 275 368
2 140 331
2 203 410
2 340 380
1 108 176 214447424
2 197 527
2 15 484
2 45 303
2 70 536
2 53 456
2 291 295
2 402 423
2 37 222
2 47 330
2 289 318
1 259 504 475292723
1 387 484 907631166
2 263 267
1 32 331 692383362
1 231 282 503863081
2 502 523
2 92 419
2 220 249
2 85 309
2 106 292
1 31 315 59793642
2 6 70
2 144 296
2 73 170
1 274 432 372732232
1 94 422 232239287
2 16 505
2 401 487
2 387 391
1 135 413 292114787
2 4 539
2 326 328
1 110 413 53295404
1 68 296 512892647
2 240 435
2 148 395
2 132 481
2 255 547
2 198 392
2 10 246
1 186 254 682680979
1 67 252 83888983
2 70 98
2 43 459
1 319 543 887628386
1 246 290 482686520
1 277 308 272981540
2 106 161
1 127 318 72427481
1 434 450 839227235
1 129 230 251658203
1 283 504 670893411
2 183 295
2 201 328
1 1 170 356720410
2 361 459
1 409 538 659077729
1 450 533 854437769
1 331 333 786390705
2 196 486
2 265 386
1 126 368 405868545
1 65 353 38360335
2 155 167
1 36 465 790506783
2 72 467
1 363 499 92425003
2 263 430
2 89 247
1 167 367 361869730
1 238 342 583906972
2 244 500
2 119 371
2 42 527
2 41 418
2 461 540
2 282 446
1 298 446 726902109
2 104 122
2 134 438
2 271 445
1 22 368 476982374
2 64 398
1 130 236 137098311
1 175 486 342254472
1 326 382 516374133
2 17 462
1 76 265 411683193
2 300 519
2 290 427
2 100 442
2 260 515
1 126 349 822407921
2 254 502
2 85 198
1 128 279 915335234
2 82 290
2 142 520
2 86 511
1 90 328 951083524
2 297 432
1 48 306 665874240
2 172 251
1 16 504 879754546
1 198 491 171440619
1 107 158 578413113
2 127 280
2 364 541
1 53 162 211571674
2 306 471
1 36 240 424719244
1 144 492 725169346
2 145 516
2 119 354
1 240 448 260014331
1 35 246 524216333
1 368 424 969383970
2 214 383
1 3 327 131470757
1 48 56 716498106
1 350 499 598212322
1 377 489 273235884
2 116 490
1 224 436 366139001
2 137 511
1 3 254 378746650
2 229 472
2 47 307
2 269 535
2 204 508
2 93 204
2 2 409
2 231 548
2 241 343
2 139 477
1 356 471 57808831
2 324 422
2 309 316
2 292 299
1 132 502 333850735
1 187 460 950488318
2 197 308
2 92 326
1 333 420 884013140
2 27 183
1 253 254 183708507
2 501 537
1 118 430 122390078
1 293 375 335362288
2 319 521
1 168 504 995147193
1 18 196 57527079
1 205 265 398804616
1 521 541 701501533
2 203 536
2 29 300
2 35 196
2 416 453
1 67 344 533272650
1 314 421 862363850
2 391 418
2 315 329
2 105 498
1 16 250 897482571
1 427 525 390900458
2 52 434
2 254 373
2 278 517
2 141 454
2 259 281
2 20 195
2 194 506
2 2 63
1 176 266 178708819
2 422 517
1 462 467 976787694
2 136 205
2 175 410
1 459 502 361862379
1 237 430 336517000
1 243 539 263290971
1 281 319 859081523
1 232 381 167983378
2 46 535
2 204 212
1 81 347 793187359
1 295 468 26464841
2 418 502
1 57 443 73336236
2 59 465
2 62 96
2 259 467
2 396 461
2 243 493
1 36 47 827752408
1 260 500 492890432
1 79 124 437235026
1 285 391 411814839
1 372 449 355872913
2 298 457
1 63 265 349411781
1 129 305 755952532
2 124 169
2 343 516
1 207 272 395557717
1 105 233 89780339
1 243 448 170501300
2 213 451
1 37 340 659669725
2 261 525
2 108 317
1 158 362 905470396
2 22 480
1 81 392 761063616
1 235 308 37661799
1 145 450 658274330
2 175 485
2 38 318
1 334 456 663127240
2 93 150
2 136 533
1 114 434 384715637
1 202 323 321849524
1 248 519 153096822
2 319 360
2 91 255
2 114 199
2 146 205
2 167 378
1 34 117 423093305
2 187 391
2 208 380
1 199 539 764897696
1 150 461 431216618
2 107 513
1 58 374 340267625
1 143 461 194751195
1 92 370 35298286
2 219 402
2 324 447
1 395 431 224335695
2 227 499
2 88 517
1 77 247 394735141
1 343 495 582842737
1 464 515 997568412
1 252 378 315453394
1 49 219 541517454
1 49 319 302688142
1 220 330 567005240
1 181 548 985102422
2 36 431
2 192 372
1 258 364 374087330
2 439 510
1 180 198 411283592
1 460 463 195807972
1 98 471 256430640
1 307 449 286309635
1 257 429 963736300
1 142 188 126913119
2 53 298
1 324 360 163627915
2 352 354
1 46 529 419171747
2 17 151
2 410 532
2 316 488
1 339 468 836862374
1 112 265 207479639
1 96 456 90306985
2 112 440
2 410 417
2 109 512
2 99 135
1 170 370 94554016
1 67 366 315523603
1 166 482 361426997
1 129 272 153680432
1 502 518 521764037
2 1 517
1 208 491 771357324
1 48 473 412106509
2 185 365
2 122 368
2 245 304
1 4 214 700991267
2 330 342
2 267 517
1 83 317 71445945
1 226 294 417703055
2 318 376
2 60 448
2 146 520
1 449 535 659477634
1 237 411 789103259
2 388 463
2 99 311
1 471 519 929608482
2 252 321
2 81 247
2 67 90
1 92 113 481447926
1 32 244 698824775
2 12 46
2 359 428
1 80 345 977654069
1 484 535 200288202
2 158 212
1 231 331 264158874
2 81 247
1 5 17 324836888
1 151 250 98503077
1 201 547 221225794
2 26 392
1 430 479 49229896
2 9 159
2 155 448
1 190 245 151783040
2 248 479
2 307 320
2 15 222
1 8 315 923912014
1 325 428 745308369
1 106 524 485979250
1 20 132 548635221
2 288 384
2 43 65
1 336 435 909754778
2 68 442
1 283 518 54827495
1 61 450 358709349
2 138 156
2 37 100
1 270 314 84805061
1 360 504 845799518
1 386 550 588539824
1 448 491 989667727
1 303 455 333493483
2 174 420
2 408 537
1 201 281 569273662
1 98 285 788798741
1 17 520 550013481
1 404 443 599317201
1 112 519 863146155
2 91 234
2 251 318
1 162 477 677831461
1 31 197 563189307
2 166 539
1 19 343 29072380
2 173 201
2 25 476
2 154 203
1 308 466 773037907
2 357 398
1 400 436 896266865
1 152 378 85265906
2 328 525
2 48 473
2 423 514
2 135 303
1 233 436 535739466
1 218 341 366403407
1 144 203 174370963
2 60 276
1 11 22 755409753
2 177 447
1 207 244 614978998
2 447 463
2 396 496
2 196 271
2 102 315
2 120 227
2 75 329
1 309 530 83447448
1 91 456 989056031
2 202 331
1 131 154 331234623
2 192 247
1 87 463 214716722
2 141 143
1 258 390 950825828
2 256 331
1 8 45 239497634
2 398 510
2 204 317
2 452 537
2 378 379
1 295 550 114715282
2 42 402
1 269 488 568456198
1 273 346 763430461
2 143 239
2 46 351
2 110 503
1 314 465 935622101
1 10 209 916531634
1 453 455 391076559
1 361 461 960662151
2 254 334
1 109 463 264544542
1 70 104 993570767
1 69 327 554874778
1 38 311 842354997
1 226 512 95615366
2 167 205
2 61 267
2 75 164
2 124 325
2 51 207
2 49 247
1 104 180 188717103
2 48 73
1 519 533 393086990
2 194 319
1 191 434 218664050
2 226 525
2 107 179
1 86 345 25711794
2 50 336
1 37 395 497385670
1 39 51 890438797
1 224 273 806368711
2 277 290
2 42 425
2 236 288
1 11 457 343134848
2 200 405
2 376 424
2 19 146
1 122 317 423496006
2 74 145
2 41 222
2 115 486
2 449 457
2 196 533
1 89 272 342113667
1 324 376 953330874
2 60 350
1 78 334 537826308
2 377 490
1 226 234 814835429
1 167 320 480429196
2 297 332
1 232 416 704617397
2 221 526
2 138 318
2 384 416
1 40 46 353611466
2 126 221
1 100 196 480220129
1 451 496 774047510
1 33 322 508959937
