480 850
849146879 560044452 876611805 901789419 694238931 700372356 980810046 249070759 77293833 877700978 857431797 239635449 508799988 37485874 889990756 336122174 673755377 422120553 923713310 692586024 764650925 464894922 892314961 588975326 111149280 392373992 471069784 933775169 295163444 918497522 47831300 252999029 827952573 455720274 683683520 487421770 516605762 865832835 380093588 41308859 384488782 272822256 379258839 526223015 466975853 950453462 701949726 981365616 692122047 153973022 996929485 746082214 89125263 306138657 749694460 68554617 414813116 577232855 974942024 612517562 531486358 742193834 93311930 803158597 765543332 594445006 774807167 340883304 606529153 185358716 299141026 337286662 567318710 573318589 325558689 974479670 265186760 97918288 299437779 724896632 581177434 606510105 293496470 900257921 239543475 63927573 898263364 21591042 412032177 553830678 911190526 660583581 296410183 303244517 128113128 981989315 840156176 758425297 869161031 792397398 644334724 140545822 23694262 753750169 637478983 177546583 792959308 966670436 829363220 544093856 457206618 24852624 785386855 725945126 312652640 357792652 312764905 960360087 838314026 408229076 52135175 931646553 520171627 806444760 948648396 113982429 114317815 195096756 22899727 27663874 291231476 276101281 880865509 128589654 659815781 523536736 85760779 624985627 252136691 707110794 591719772 453630504 38351504 458338473 363607428 634627422 672119192 633024393 252184579 481867642 592165289 174971716 925653092 164148617 558428763 470312792 886499625 986064253 355331040 655012992 789363758 608774700 162777069 214095183 816818699 20973784 362139547 902381022 458814459 810919762 80736121 443011029 639847976 76403319 892273048 526351937 85860915 479352173 397599558 390133186 929421328 279616760 433628159 151162197 236225518 866333825 885266432 89460244 829378810 483630277 809947215 651381236 107519882 757938954 363210242 469346686 67525010 498114397 130518799 776829350 300491598 298623055 990220238 211039264 383154674 187008972 690719727 796074087 461181842 369848776 292287428 690055196 822233265 927883013 798155314 428915824 920498858 133044321 500827938 526060736 378220135 248701420 652517353 322587242 939810692 33742471 2818266 710507204 63982640 561044503 365754128 575889750 275286317 312345303 222965110 551168982 377440876 223038919 323669715 672669965 560011327 496357560 158037511 371544287 707679244 824429582 108528705 205871911 560346378 599105149 119179928 915986485 260434070 753307188 482891092 115348797 622108963 346555472 981262180 77533525 10838457 348352406 135256621 117279197 697992024 522712895 109229935 875102188 383405185 377937254 524358372 702786282 824342962 144042782 937049109 171561152 603289894 188381011 294377317 906053198 47667116 674746535 874437760 514567106 768634734 580712758 706321656 281171841 969276276 713441282 315875802 471213134 112879296 909014791 552328288 209840126 547214887 964827954 975235793 390088469 368861011 887385531 673138507 820886269 668325400 297020219 429191374 674894621 378666255 45137546 704879473 876516425 934624551 905779549 121234537 739479032 892489761 597213838 300932242 397807119 968059393 2467991 323082257 303371953 537151833 471526233 224467725 163993633 570465017 973076808 163620430 859347993 935105302 875286028 149832133 822357339 469429574 553643094 273662579 393289532 265832440 722850018 348017435 351709252 785328925 734041100 825041282 705657893 262512213 132866619 190796820 37274446 136042370 159832314 666303312 120291011 604544900 17085545 845451204 21261870 718765717 55107364 215987100 863630256 315165926 817689244 630849930 893351961 11061515 988057986 787729754 694844867 152580879 872561168 194747717 979715812 469179202 644298119 114096318 652833803 241658294 393151809 627077243 111867408 646445792 82420899 998659864 431696881 563612061 465571143 880784174 672995928 416658213 731727777 425826432 71675403 652912600 119483743 913322942 243590642 837406177 292641406 864889102 832089190 677072758 709603778 692818746 629437354 39439249 779579611 217290100 514209401 943313592 390046727 340435530 432770990 878401961 407698755 277972489 726281081 188578112 257141954 9120563 404880311 243868033 939491710 388894829 499035379 428065446 381471241 881701698 245445952 901809242 142740371 985075504 964594064 835249520 119019807 120158697 88179932 377066122 110448100 808780561 242877568 442782351 789439400 36359559 251414051 222263979 690695247 938080824 144178195 238340446 89481016 622171725 636762588 910465725 493344119 348716354 200598278 68860498 337406585 709360218 315394947 3318560 123676544 159984391 474992045 763012932 67253895 762546717 669737346 815161689 704639144 24918858 77682981 468999212 669004733 144503213 529504958 
2 292 363
2 44 401
1 451 468 476978565
2 180 336
2 364 441
2 56 443
1 2 193 805110214
1 272 461 438987834
2 96 477
1 2 26 843571893
2 21 238
2 61 157
2 19 469
1 174 236 385822833
2 412 456
1 69 225 431036340
1 409 417 545839047
2 168 278
2 414 437
1 83 346 300336037
1 217 343 57575420
2 357 365
2 273 414
2 35 103
1 122 353 201521177
2 225 379
1 111 337 273945833
1 280 375 439031539
2 106 381
2 72 227
1 241 354 353249670
2 44 430
2 52 126
2 69 344
2 135 443
1 263 468 987212132
1 209 292 730466725
1 137 417 809221785
2 105 117
2 219 418
2 147 368
2 273 421
2 187 474
1 11 64 815240261
1 167 356 68323337
1 125 335 531362671
1 143 178 566352911
2 120 382
1 105 397 201537053
1 325 451 548287479
1 56 229 580272413
1 223 230 513867772
2 181 470
1 276 370 958023190
2 234 377
1 123 310 46032794
2 64 279
1 269 382 199480940
1 19 440 117031803
1 215 237 211010473
2 329 397
1 245 465 117015050
1 137 384 579959123
1 12 425 114951591
1 34 388 940524038
2 148 207
1 67 477 397654616
1 362 456 984912486
1 181 265 520817325
1 136 324 819516820
1 31 93 485501608
2 171 290
2 79 146
1 118 268 874270406
1 269 455 324979169
1 188 221 506930391
2 355 467
1 23 480 29526713
1 37 452 373100998
2 213 327
2 212 296
1 365 414 841478835
1 102 364 69728319
2 327 395
2 264 305
1 53 368 942962448
2 23 33
1 367 395 859263587
2 180 227
2 39 421
2 269 302
1 28 255 844202007
2 195 310
1 212 467 783402354
2 193 194
1 88 252 882058894
1 20 269 687078425
1 227 472 954683229
1 222 235 689806693
1 265 283 220939527
2 320 446
2 391 479
1 268 367 744943654
1 343 477 439489158
2 162 172
2 250 260
1 74 364 871549841
1 193 216 309190899
1 202 453 726867071
2 93 387
1 117 350 766501366
1 46 208 835565434
1 259 365 543662270
1 366 395 63062628
2 157 287
1 155 231 396776121
2 332 389
2 232 453
2 80 286
1 158 191 335333156
1 93 446 851332826
2 81 259
2 14 280
2 132 371
1 137 200 885476385
2 24 337
2 266 395
1 137 185 958148939
2 214 427
1 115 434 280512694
2 266 369
2 38 333
2 90 283
1 268 387 830697310
1 273 321 528633277
2 334 350
1 258 398 540611082
1 132 402 248934991
2 313 336
1 71 191 651854114
2 45 391
2 279 386
1 302 443 12764243
2 247 305
1 44 129 469776266
1 312 320 558752772
2 30 74
2 99 264
2 449 457
2 144 355
2 229 346
2 9 375
2 71 208
2 77 350
1 135 183 487387044
2 195 261
2 52 80
2 159 200
2 158 179
1 18 338 292285544
1 88 234 498269758
2 101 457
1 410 470 833446804
1 90 441 54973793
1 195 441 747101917
2 93 335
2 436 475
1 109 192 932517826
2 284 398
1 80 298 165030849
1 120 320 795884749
1 293 387 213872924
2 164 464
1 76 168 720835265
1 169 220 539366615
1 373 460 979516126
2 421 460
1 151 464 256087943
2 304 386
1 84 197 152876842
1 86 279 975480355
1 120 163 766611280
2 177 208
2 50 445
1 105 326 398394410
1 121 307 96744407
2 237 243
2 220 389
2 25 326
2 161 428
2 87 426
2 254 374
2 202 295
2 85 276
1 359 395 34096317
2 180 184
1 426 478 901249849
1 217 301 349248378
1 86 123 480211725
2 96 288
1 178 419 1945549
2 321 473
1 276 413 59514659
1 129 249 233107963
2 412 423
2 384 472
1 11 113 864644904
2 239 249
2 274 351
1 61 421 558567902
2 370 438
1 306 447 961712405
1 137 335 557186613
2 317 439
2 35 178
2 307 410
2 126 252
1 1 315 882661167
1 34 126 859313210
1 418 428 143838096
2 241 470
2 227 418
2 107 151
1 279 370 743374301
1 336 449 996532828
2 86 100
1 153 322 726638789
1 18 98 104689785
1 303 455 990791209
2 87 139
1 213 374 200438226
2 402 422
2 148 415
2 34 197
1 116 170 664447112
1 354 431 821979398
1 139 391 288844015
2 38 238
1 41 114 890687519
2 350 394
2 148 450
2 275 305
2 152 354
1 111 171 228912718
2 75 90
2 171 452
1 171 297 143638594
1 122 224 692292801
2 167 316
1 25 126 633584911
1 174 217 338739961
1 11 431 104124339
2 430 479
1 64 372 374245286
1 80 175 104919563
1 248 332 538450119
1 25 279 216841411
2 74 177
1 165 190 792525124
2 30 119
2 311 329
2 126 316
2 155 245
1 16 201 356366025
1 36 119 389502351
1 320 361 266239975
2 210 369
1 247 405 748225312
1 31 50 903663624
1 189 397 303315542
2 115 190
1 121 286 618417321
1 12 156 577695969
2 223 294
2 9 270
2 165 426
2 168 377
1 337 459 227871261
1 411 479 217357913
2 260 477
1 60 389 860753261
1 9 359 312938899
1 31 220 591354702
1 240 280 906136458
1 460 463 618378522
1 5 57 870948364
2 35 66
1 58 157 312564269
2 130 461
2 356 376
1 33 214 616835767
2 39 469
2 79 312
1 307 412 242505305
2 220 318
2 317 432
1 23 363 548903818
1 221 397 181697979
1 224 382 168946044
1 443 471 898538435
1 262 468 614621124
2 152 434
1 252 288 943331097
2 257 383
2 224 403
2 102 217
1 270 331 852707957
2 54 173
1 159 199 994910789
1 270 459 250563474
2 12 303
1 186 253 114040118
1 325 381 109165071
2 86 158
2 271 472
1 27 136 14504682
1 176 233 532020671
2 158 366
1 111 288 103244843
1 216 235 357789010
1 5 13 706839204
1 118 124 719118917
2 131 374
2 243 263
2 245 303
2 135 452
1 76 306 112346778
2 95 347
2 103 372
2 465 478
2 107 330
1 261 326 713761924
2 17 476
2 217 274
2 113 473
1 180 333 32018416
1 39 242 634628608
1 48 327 578710716
2 167 477
1 247 383 1992845
1 19 267 421837103
2 2 205
2 139 306
2 33 411
2 7 416
2 203 217
2 252 309
2 143 383
1 325 442 317793706
1 37 396 444837216
2 14 244
2 78 210
1 138 188 271945903
1 147 425 909188462
2 27 251
2 116 292
1 233 359 59429867
2 51 416
2 43 324
1 230 339 994939824
2 218 259
2 245 288
1 152 403 85606183
2 48 194
1 296 326 6911888
1 304 476 7755940
2 239 330
2 165 395
1 88 132 473655929
1 188 269 877583785
2 138 326
1 145 269 463995381
2 251 341
1 43 161 124304209
1 131 360 458807408
2 256 322
1 71 180 113341199
2 57 386
2 28 251
2 66 328
2 266 426
1 91 167 510421929
2 152 466
1 117 197 275299320
1 275 456 532938229
2 19 339
2 36 413
2 96 278
1 31 210 77303392
2 285 429
1 41 456 353928301
2 120 401
2 216 270
1 50 199 187863786
1 196 281 992926870
2 113 413
1 83 112 738456025
1 401 440 757501938
1 131 300 353425446
2 428 474
2 24 302
2 24 242
1 109 314 465922986
1 291 292 491582274
1 35 332 51383912
2 139 270
2 9 271
2 81 283
2 80 252
2 9 303
2 219 455
1 254 270 982550480
2 46 56
2 62 147
2 120 420
2 3 140
2 48 316
2 466 470
2 87 476
2 377 452
2 228 251
1 274 353 518585109
2 64 199
1 78 114 276550490
1 96 333 721558004
1 55 93 365915537
2 200 430
1 53 342 9664614
2 158 162
1 144 271 214121023
2 132 222
2 99 136
1 182 329 38959905
1 6 244 622140853
2 78 99
1 235 368 200853008
1 179 440 50609602
2 17 79
1 168 252 163511719
2 65 80
2 91 177
1 243 248 24022268
1 79 258 76880548
1 149 431 253158828
1 3 278 861558480
2 177 386
2 20 127
2 56 112
1 241 399 413094084
2 30 207
2 267 269
2 286 480
1 24 73 515171878
1 249 372 490574096
1 147 187 759323133
1 10 163 514465149
2 145 224
2 142 286
1 172 204 587783856
2 137 334
1 70 104 582008239
1 128 220 69096438
1 245 394 638169400
1 153 317 107685722
2 303 478
1 91 156 719944980
1 164 430 101974501
1 139 149 93519548
2 5 188
2 95 444
2 29 407
1 367 436 153142984
2 353 388
1 206 395 841314594
2 136 213
1 37 172 487741825
1 73 264 147621290
2 134 405
2 162 272
2 84 458
1 351 374 618049341
2 349 421
2 128 445
1 258 327 483921733
1 82 212 804750996
2 1 255
1 48 323 53910882
1 31 108 401697214
1 12 477 674307503
2 6 240
1 382 444 291350710
2 55 292
2 114 389
2 365 439
1 198 359 325510204
2 217 307
2 329 333
2 240 427
2 306 390
1 43 317 200254783
2 126 140
2 313 468
1 129 268 149608767
2 35 183
2 117 150
1 95 139 504199979
2 118 257
1 312 468 850581912
1 40 314 560317971
1 53 175 532482287
2 19 154
2 257 382
2 241 458
1 90 268 3584193
2 221 424
1 358 376 807790565
1 12 97 92540350
1 346 443 899003910
2 354 424
1 183 251 103047157
1 117 400 683790679
1 289 341 739907548
2 314 429
1 44 407 302057688
1 83 229 42758844
1 158 471 966865380
1 22 118 242723234
2 224 428
2 53 445
1 105 428 499975387
2 339 426
2 226 432
2 126 213
2 393 444
1 83 193 294269664
1 79 360 627575406
2 106 404
2 230 324
1 167 226 400876163
2 33 252
2 53 303
2 36 127
1 34 361 744826193
1 107 432 714758100
2 27 118
2 23 213
1 97 408 56622791
1 267 308 197808241
2 122 231
2 125 223
1 183 312 735755727
2 117 359
1 328 379 841329810
2 68 234
1 141 454 398948329
1 354 384 91277135
2 176 421
1 206 380 741713307
1 204 254 509975004
2 200 318
1 13 74 717419363
2 92 95
1 92 207 11057977
2 74 451
1 324 377 537949313
2 241 384
1 290 339 823114897
2 255 309
2 20 75
1 286 294 274148971
2 297 307
2 220 443
1 218 422 120494106
1 161 266 358322436
2 440 462
2 86 262
1 208 414 179360434
1 172 367 893439796
2 162 182
1 262 411 729281238
2 92 293
2 47 138
1 106 307 22175850
2 56 383
2 344 402
1 127 453 366794195
2 25 310
2 217 408
2 321 419
2 132 424
1 89 384 849719067
1 3 420 465432902
1 175 364 988934003
1 24 318 357160987
2 219 354
2 168 456
1 183 352 303236376
1 124 320 161783218
1 3 129 616713801
1 137 212 111136133
2 102 398
1 29 107 195477653
1 173 274 293405506
1 40 167 339242430
1 151 210 546760710
1 11 116 191511323
1 25 160 408050620
2 225 441
1 238 298 682225009
2 252 334
2 57 129
2 442 450
1 25 437 789586264
2 161 292
2 20 409
2 49 271
1 257 396 640468284
2 224 336
1 62 210 299166547
2 226 382
1 252 396 496080251
1 182 257 158342587
1 399 434 20770250
2 142 203
2 198 457
2 207 436
2 76 89
2 139 168
1 133 175 443328588
1 155 479 635994220
1 22 48 911579199
2 188 250
1 182 256 876885376
1 30 243 641751557
1 132 453 561411550
2 51 311
2 374 451
2 54 205
1 203 300 265628450
2 151 311
1 30 153 90588874
2 58 434
1 8 37 134019509
2 227 256
2 109 193
2 287 379
1 16 111 412553872
1 444 475 546807348
2 291 396
2 13 334
2 98 109
2 402 458
1 68 92 785549649
2 64 191
1 104 163 293378234
2 129 219
1 71 124 569617506
1 323 405 156567227
1 16 255 377042612
1 34 250 46173772
1 101 118 543197853
2 9 59
2 95 351
2 23 202
2 290 372
1 262 420 90374999
2 118 262
1 121 393 441677582
1 178 318 575085510
2 66 336
1 224 272 450930123
2 23 283
2 241 249
1 96 332 355841003
1 79 350 534839600
1 418 445 881541881
1 229 320 904682638
1 325 429 949493027
1 316 350 404306208
2 257 280
1 53 81 402577077
1 185 339 916119427
2 117 232
2 254 269
2 28 317
2 50 431
1 424 457 795839757
1 12 44 347435352
2 363 396
1 136 392 994753674
2 232 254
1 145 321 698601455
1 463 475 341238158
2 40 210
1 41 301 429783444
1 131 278 600766265
2 216 371
1 56 84 780609297
1 147 339 59691804
2 33 396
2 120 253
1 72 106 344096776
2 139 318
1 326 373 804341883
1 18 205 755192305
1 43 360 973936416
1 41 224 958001541
1 411 454 633664899
1 403 447 193369700
1 135 312 223963666
1 17 340 138713697
2 131 301
1 86 431 42099041
1 72 213 506653478
1 22 464 561587986
1 159 413 647914739
2 237 423
1 231 263 225281323
2 379 406
1 189 252 5409560
2 67 89
2 8 53
2 51 53
2 364 409
1 217 440 377477555
1 165 438 171386633
2 265 371
2 354 465
1 435 449 722042112
2 36 404
2 21 204
1 356 405 232703854
1 92 425 165125140
1 82 196 427109132
1 355 468 408738555
1 125 417 514824525
2 54 86
1 296 444 688379368
2 218 346
2 199 209
1 245 292 699709696
1 198 419 783123144
1 430 450 371686560
2 223 261
2 449 461
2 346 401
2 213 372
2 174 256
2 48 88
2 236 283
2 18 331
1 132 364 785239700
2 5 280
2 217 288
1 42 93 250469303
2 205 270
2 150 257
1 432 434 46478556
1 111 123 404621899
1 64 166 339678151
1 32 110 272419618
1 219 222 367824663
2 211 400
1 18 344 176063632
2 165 385
2 33 313
2 130 364
1 273 353 668012763
1 134 152 725460058
2 68 448
2 25 184
1 261 459 577711464
2 106 220
1 48 421 898958225
1 1 336 241677387
2 81 327
1 240 478 590770451
2 332 345
1 167 321 433229069
2 126 372
1 192 368 132791000
1 60 431 212755517
2 61 75
2 77 127
2 197 296
2 117 282
2 264 479
1 383 445 860552098
2 256 257
2 38 103
1 17 322 64538793
2 354 402
2 308 473
2 27 263
2 34 246
2 213 422
2 24 288
1 147 148 618316342
2 6 325
2 98 191
1 6 144 36229731
2 37 137
2 13 49
2 354 464
1 232 243 656854267
1 8 24 259714901
2 33 458
1 122 395 123291173
1 274 458 615195436
1 88 219 979016966
2 66 80
1 293 377 67089793
2 309 331
1 122 462 262988330
2 27 60
2 71 235
2 2 420
1 31 172 107689601
1 227 381 734158322
2 59 390
2 132 357
2 258 263
2 54 350
2 23 148
1 175 265 818134843
1 258 259 433455918
1 60 158 64475726
1 401 432 438785695
1 122 463 862320179
1 126 429 643884355
2 271 440
1 196 257 193255346
2 113 130
2 81 349
1 151 280 799802306
2 274 297
1 116 314 694552470
1 8 58 41589056
2 275 281
2 309 402
2 195 220
1 274 402 835363278
2 75 333
2 229 337
2 35 421
1 184 323 211049555
2 200 428
1 107 379 969012391
1 71 458 234387389
2 303 323
