354 426
445137763 495654265 510439372 107490638 269808627 383322541 713864210 370530833 985114554 247788183 322985795 249626833 79371487 316362630 726448836 436161942 860519339 360243587 276455094 77946912 487419757 498660591 202282027 696840267 465426383 964293994 660611446 199962296 896138454 290609059 25095026 477308646 76357842 674529480 190847399 585244753 347546137 804124748 811312297 346319023 972753930 766542123 856171862 449045742 227210111 197305457 9854387 581046566 454615783 295353548 192324946 729223463 295209257 201396141 556299393 719524932 379501612 652390116 550335918 328081524 496969931 27855814 19037804 574084217 649742299 790845137 322771776 580444105 338848063 775811972 541101006 718606171 747994642 401939723 746668539 70680183 587433002 901008616 681057088 916157833 323581588 312840000 237274257 233019266 189963546 367746230 247029287 836298684 226315650 936715126 673638108 3103696 167732687 735535313 786825422 666506489 478337085 578085426 78018777 398596412 48236301 759757626 738031042 293275213 154945244 424540989 418397988 852088217 347689387 982685869 327419980 837570406 59701792 462055293 694917698 62663316 756440350 926659667 250854447 280158746 480937562 947198917 629837227 691265934 839931534 678929367 972285299 372847895 333232797 109963320 664505990 148188695 979380469 321877306 523202585 961274981 139402567 221773725 885011430 519690704 340715398 225402766 3211196 108278494 703851715 138128423 735296424 70152698 457529511 47706325 949782231 421362493 244891738 191928675 539005684 620361162 185269511 274222634 479114917 145008903 381361785 769390389 405905527 434579972 666756773 802444728 742169790 345153085 872155976 356567834 658552371 65404195 605342933 438962700 799420305 535578078 91374877 165472699 846378309 799336861 245141832 378803295 639695378 853921066 349498094 772196272 536691865 496237570 460436465 738878286 662666780 807983183 877820286 329566353 11835360 635589838 460948487 78996005 801601884 150018291 476039955 133110534 60805725 77179554 355884614 920180339 580736720 578066074 670535219 70130820 641356265 910268244 947256132 693847944 175564676 499804425 114393269 844531969 238717010 210117513 518990088 606586490 323450035 613242486 894473899 935633689 266101602 752039458 575718888 408599534 141559451 984539650 711747956 689549937 184585088 146068432 966007903 943288888 415721053 847252813 251816056 934699361 57984144 50794082 312593732 47664809 349281468 25450799 191342142 590557986 833632462 623418219 698480950 130532662 704826389 494399128 116827776 291407861 27846885 660877024 939981401 835386072 442068018 613750778 637239802 807587529 476220375 595153796 745115520 685839653 680787841 384422530 842735938 194805752 892345080 346946336 25603721 158462417 684769935 184060977 905734831 523247605 527766656 940838656 570808805 259322489 211397169 16913677 907608934 190033010 223769714 290069500 179202313 564020303 6416797 462977504 246634379 811191433 605392311 468697085 272673552 833619665 602731052 916825034 423492664 758589532 895475791 969759707 755273364 591947366 387148362 26058557 85730530 787415880 342294378 490684290 273579999 99016699 686935839 734613102 800818279 7506386 882750148 18014646 388847050 747612503 251269190 839315109 921703422 715341034 849383355 660397803 748280018 185290718 823891600 443430237 589864811 311953057 394849992 567473583 947981875 414823080 639027667 326168221 950736633 346315835 753346480 424830467 469227543 788119554 432144347 43273411 775523901 665814920 
2 144 185
1 95 348 39615268
1 182 296 222899837
2 91 220
2 12 188
1 171 234 858941370
2 41 190
2 233 324
1 37 151 909851547
2 211 297
1 73 183 373775938
1 94 140 632005807
2 139 252
1 151 296 928392301
1 330 351 303801074
2 245 253
1 110 165 413878207
1 42 252 848768258
1 77 168 824735853
2 134 188
2 1 197
1 152 346 63200538
2 249 275
1 16 199 284745108
2 58 82
2 78 103
2 203 299
1 21 186 277250442
1 174 265 984372302
1 13 324 777260946
1 268 352 409302093
1 80 336 638460758
2 155 327
1 7 345 16667064
1 177 315 511025829
2 257 310
1 61 291 524724807
1 28 35 170704857
1 58 350 581934371
2 108 317
1 2 122 705799077
1 274 311 176879276
1 6 198 259707727
1 79 280 869753999
1 88 96 512039892
1 172 219 483912117
2 79 251
1 14 117 762761600
2 19 345
1 46 296 881270013
1 141 208 115657735
1 88 302 113705963
2 176 188
1 94 305 404739586
2 97 241
1 18 255 573419583
1 3 248 425300778
1 147 305 413983801
1 272 280 438799817
2 170 307
2 188 252
1 243 285 373870859
1 129 234 459597050
2 203 286
2 106 126
2 111 343
1 40 47 741334232
2 169 237
2 22 332
2 262 270
1 150 208 360421158
1 20 76 535039738
2 278 293
1 139 272 817334352
1 125 187 601592755
1 83 87 238659391
2 3 261
2 52 265
2 92 244
1 148 190 204094441
1 187 246 463814474
1 19 174 506960512
1 60 322 636979478
2 53 240
1 261 336 699003996
2 79 210
1 8 103 781503450
2 194 237
2 37 232
2 38 187
2 163 259
1 67 128 320528254
2 62 125
1 157 190 107030588
2 103 210
1 59 186 853581651
2 30 64
2 9 140
1 90 282 113359285
1 134 173 914941255
2 63 203
2 73 224
2 35 337
1 162 263 177498817
1 124 297 953599684
2 38 299
1 268 334 243930858
2 6 198
1 117 215 160240684
2 304 327
2 98 267
1 48 146 249752467
2 106 256
1 113 247 587521426
2 148 178
2 155 155
1 124 192 196953939
2 128 170
1 71 170 373929712
1 209 225 549792613
1 208 341 449704385
2 53 223
2 17 320
1 4 251 37912868
1 130 193 538515306
2 109 218
1 89 177 472463111
2 4 10
1 79 297 710738770
1 135 158 453732671
1 65 99 66860241
2 73 252
1 122 229 24747413
2 50 186
1 9 302 944538162
2 71 295
1 20 30 539953786
1 213 229 199252189
1 184 294 197561807
1 71 89 882121107
1 135 235 465292170
1 172 261 948200567
2 31 128
2 285 326
2 159 170
2 36 190
1 64 184 685426227
1 57 193 694461626
2 65 224
1 90 133 329431088
2 97 238
2 113 139
1 124 264 745428542
1 97 330 325574833
2 172 213
2 17 124
1 281 309 844771386
2 119 166
2 211 351
1 309 333 905407590
2 87 168
2 179 318
1 40 182 780465919
1 149 290 775647450
2 51 130
1 97 322 672491936
1 89 127 704667349
1 93 192 15055381
2 81 264
2 186 192
2 1 314
1 18 264 458012139
1 30 261 543243594
2 117 332
1 31 153 415207715
1 72 263 819287066
2 295 305
1 246 340 101095979
2 108 321
2 222 293
1 232 317 358688888
2 25 102
2 171 293
2 95 241
1 25 104 128612697
1 281 351 870336262
2 19 266
1 206 280 183492631
2 141 162
1 81 218 652311585
1 185 268 619600793
1 81 109 830199278
1 124 241 234559904
2 232 341
1 204 211 114283355
2 247 274
2 71 134
2 155 208
2 90 285
2 19 98
1 62 153 78324056
2 160 278
2 187 327
1 268 280 229855499
2 280 346
1 146 229 964077494
2 134 300
1 7 304 561073789
1 85 86 199870892
2 167 344
1 124 201 452766035
2 89 228
2 4 17
1 34 159 731542081
1 133 257 45478903
2 278 334
1 198 205 254195652
1 125 197 288771108
2 58 244
1 30 66 902258151
2 26 337
2 147 153
1 42 343 437410027
2 57 182
1 143 188 477640084
1 44 83 993637616
2 245 341
2 201 254
1 105 188 403885642
2 216 248
1 319 329 995531291
2 112 265
2 123 346
1 112 284 120653404
1 58 259 393666864
2 19 107
1 70 75 682581331
2 166 236
1 103 325 5026533
2 57 225
1 42 243 212861226
2 196 316
2 99 218
2 229 325
2 161 282
1 8 301 863043116
1 191 350 771710449
2 5 329
2 225 326
1 27 168 351285779
2 31 290
1 6 289 815727310
2 140 149
2 63 254
2 41 281
1 111 314 250488447
1 303 326 322764633
2 59 204
1 58 270 500847128
2 4 20
2 151 287
2 333 336
2 296 314
1 17 160 380610523
1 31 169 964089884
1 188 339 255705670
1 231 265 50712888
2 48 108
2 58 341
2 26 132
1 105 201 600789741
1 211 348 488370966
2 42 210
2 153 287
1 71 92 427909654
1 214 354 10992626
2 159 165
2 166 258
1 322 348 103924247
1 113 287 292208373
1 100 307 517299980
2 37 96
1 88 337 300973259
1 255 296 982119334
2 149 275
2 51 353
2 156 236
1 33 139 689408533
1 181 342 389479098
1 226 299 353917593
1 282 344 178122534
2 24 296
1 97 220 230260716
2 142 339
1 131 140 901211993
2 114 263
2 195 202
2 231 271
1 311 314 608448835
1 35 226 843203095
1 127 275 867466247
2 102 226
2 245 321
2 31 154
1 126 305 425874600
1 10 120 679489092
1 76 212 77569659
1 127 128 243837292
1 10 72 277140217
1 22 92 117071852
2 167 184
2 137 271
1 228 291 259040347
1 320 343 453140626
1 51 152 875128195
1 160 193 331203911
2 217 349
1 317 353 204515199
1 13 232 712863048
1 101 251 328303389
1 167 271 625233435
2 34 49
2 44 203
2 110 215
2 8 347
2 31 127
2 150 263
2 22 124
1 70 296 190334046
2 21 190
2 152 214
1 23 61 916501902
2 66 227
2 176 221
1 123 211 103579963
2 41 266
2 49 177
2 14 26
2 162 182
2 85 297
2 2 331
1 327 354 483532477
2 159 238
2 116 304
2 29 320
2 51 193
1 134 310 830138372
2 231 316
1 253 303 742569328
2 20 254
2 33 292
1 217 305 335446164
1 73 315 148710835
2 169 194
2 68 142
1 30 186 554604644
1 51 340 499684059
1 133 138 510840858
2 139 209
1 45 141 888398008
1 249 265 396211989
2 70 300
2 84 237
1 194 314 298817393
1 199 236 288296825
2 226 270
2 88 95
1 286 334 981359926
1 211 221 920200968
2 26 290
2 306 341
2 108 196
2 173 264
2 176 219
1 137 195 28656822
2 229 321
2 259 301
2 201 340
2 289 352
1 43 236 902086044
2 50 268
1 128 137 475777323
2 133 149
1 267 276 228286209
2 43 222
1 159 214 129106476
2 235 238
2 260 270
2 67 155
2 164 327
2 231 311
1 15 321 649378800
1 108 312 188467475
2 65 232
2 50 102
2 204 248
2 158 303
2 107 233
1 110 154 600301863
1 186 213 306192175
2 97 141
2 261 289
2 82 156
1 98 220 961204087
1 6 223 68706364
2 33 210
2 296 299
2 149 296
1 106 148 648851797
1 81 208 340549078
2 129 337
1 147 276 752709663
1 206 224 16828589
1 233 331 979649700
2 65 142
2 160 233
1 99 140 718702076
1 10 241 820521208
2 172 345
2 117 245
1 94 198 920152341
2 216 279
1 63 263 382789349
2 33 184
1 11 119 337065526
1 13 235 535259787
