1936
1936
))))((
())((((((
))())())()())))())())(())()))))
()()()(()))()(()(()))))))(((()))))())()(
)))))((())()(()((()()((())())()()(()((()))()(
()))((()(())()(((()(((
))))(()))(
((((()(((())((()(())()))(()(()())(
()()))
)))((()())()))(())()))()))()((((()((((())(((
()()(()()((()()((((()())())))()(
))())(()())()))((((((()())(()(()()(()(((
())))((())()((
)()(()(()())()))))(()))()))((
(())()(()(())
())))(())
()(()()())(((((())((
())))())))((())(())()((((())))())((((((())(
()(()((())()(()(()))
(()(())())()()(()(())))((((()(
())))((()()))(((())(
((())()((((())())()())(((()()())()))(
)(()((
)((())()()
()(())()))(()
)(((()()))(((())(
))()))()((((())(()())(((()((()((())))(()(
())())())(()
(()))(
(()(())))))(())()((()(((()(())(()(())()(
(())())((()(((()()((()()))((((()(
())(())(((((((((((())()(())))
))()(((()
)()((()))))))))))(()
()))((()(()(
(())())()()()()(()())))()()))()))(()))
()())))))))()())(()))((()())()()()
)(())()))()(()((()()()()()))(())(()
(()))))()()(()((((((()())())(()(()()))()())))((
(()((()(((()))))(((((((()(((
(())(
(())))))()(((((()())())()())
())))(()(()))(()()((())(((()()(()())()())))
()(())()(((((()()((((())(((())((((
(
))()())()()()))))()
()(
)())())))((()()()(())(()()(())(())((()())()())(
)(())((()()(()((()((()((()))())())))))
))))()()))(()))))(())((()()()()()()()))(((((((()
)(()
))())()))(((())))()(()()()))(()(()())((()))
()()())))())(((())()()))()))(((()
(((())())((()())())((())(())))(((()(())()((((
()()()()(
())()()(((()(()()()(()((()()))()
(((())()()
((()(())(())()()((()((()(()())((((
()
(()()((())))
(()))(())(()
))
(((()())((
))))(
())())()()))(()))))))()
())))))(())))()(((())))())
)((((()))))(((()))())(((())((()(()(()())))())()
))((()(()(()))))()(((())(()(
))(())()()))))())))()))))()))((()((
)((())()()))))((())())(())))())(())())))())
())())()
()()()))()()))(())
((())())())()(()()()))()())))((())(
(()))())()((((()()()(())(())))))()
(((()))))
())((((()(()
()(
(()()(((
(())(()))())())((((((((()(())(())))()(()((()
()()(())))()()(())(()()
)(()))((((()(()()()(
))((()((())))((()())())))()((()(
)()((())(
)(())))(())(()))(
((())(())())())()()()(
)((()))(())
((()()()()()))())()(((()
))))()(())())((()(()()(
)(()())(((()))())())(
))((())))((())))())))()())(((()(()()(())
))((())()((()(
((((()(
)(()))((()()(()()()())))(())))((()))((((()(
))))))(()()(((())(
(()(())())()(()))(()())(()(())()()(())(()
)))(())()))))
)))((()())((()()))
)(
())(()))()(()))))())))))()))(())((
((((()))))((()())()())))))))(())))((()())((())
)))())()(()))()
()))()())(
)(())))(())())((())((((()))()(((((((
(()()((()))()))(())(((((())()()()())(())()()
()))()())())(()())))(())(())(((
())
)(())))(())())))(()(()()(())))))(((((())(()))
((()()())()((()))(()()))))(())
)(
))
((((((((())))()
)())()))()()()))))())())))())(()(
)(()())()(()(())(()()))))())()()(()()((((((((()())
)()()(()((((((()((())()())()(()
)())()(
(()())())(((())())))
())(()))(())))))((((
())))())(((((()()()))))(()(()))(())(((()))((
)((())()((())))(()())(())()(()())()()))))(
()((())()()(()((()()()((()(()(()(((())(()))))()()(
(()((()(())()()((((((((())))())(()(())()(()(
)(()(())(()((())))(()((
)()))())((()))(())((
))(())(())))()))()(
)))())(())((()(()(
(())()))(())))))(())))()(()())()())(()(()((
()))()
)()))()())))()(())))(((((()))(((())()))
))()(()()(())())))()((()(())))(((((()((((
(()(((()()(()())((()()))
()))()((())()())))()))()))()))()((
(()()(((((((()))(((()((()()))()(
)(()()())))))))(((
)))))((()((()))()()(()))))(()))))(()())((())((
()()()))()))((((()(())()))((())()())))(((()())
))((())(()(()))((((((()()))))()(())
()))((()()()()((((()))())()()()())(((
)()))()()))(())))(((((()((()))(
))())(((()()())(())(()())()(((((
()(()(())())()()()())(()))
)))((()))()()((
))(()(((((())))()(())()()()()()(()(()())(()))()(((
))))(()()()()()(()())))())
)((((()()())(((()())((())
())))((())))))((())((()))
)()()())((())()())(())()
)((
))
()())()))))))()(())())))))()(()))()(
()((())()())(())))(((()())(())(()
(()))((()()
))())(()())(())()))(()))
((()((()))(()(())))()(()))))()())((())(()))((
)(())()(()()))((()((
)(((((())((()(
()())()))()(())())()()(()(((
())(()))(()()
)))))())((()((())(())))((())())(((((()(()()())
()((
(()()
())()()())))))(()()))()
))()))())))()())
)())()()((())()()))(()))(
(())()))((()((((())()()))(())()()((()()((
(())(())()(()))(()(((()(((()
()((()
))(((()((
)())))
(()(((()(()()(()(())))()((()()(((()()())))
()())(()))))((((
)((((()())())()())((((()
)())
)())((()(()())())(())))
()))(()())))))(((((()(())()(())))()))))()))(()(()(
()())((()((((())()
())(((()))((((((()())(((()()))())))()()()(((()(()
)((()
)()))(())())())(())(()())(()))))((()
(())))(((()))))())()())()))()()()(()(((()))()(()(
(((
(()
)((((
()))(())())(()
(()((((()((()())(
(
())))((())))()())(((())()))(()())))(())()()()
()))))((
)))())))(()()))())))()((((())
)((((()))
(((())(((((()())()))((())())(()()(((()())
))))(())((())))))))()()))((()()(())(((()((())))
)()()()(()(
(()))()))())()())())())()()())))
)()(()()()(()))
((()())(()(()(()))()())(()(()
)(()
))))))(()())))(()())(()))((((((()(((()))))))(()
(((()()))())))())()))))(())()()(()))))())))(
)((())((((()(((()))(()(()()))))(()))((
))())((((())
)
())(())())))()()(())()())
())))))(())(
((())(())(())()(()()(()))()))(())()()(()))))(()(((
())))))))(
))((((())((
))))())))(())()()(()))()()()((
((()())((()))()))()(()))()))()(()))))()(()(
((((())))()(((())())(())))))))(())
())()))(()((((()())()()(())))())))(())))
(((((((((())()()(((())))(())())()))((()()())))((
))(((())(())()((
())((()(()())((()))))(()()))))())((()(((((()(((
)))((()()()((((()))()))()))))))()
(
)))())))(()))())()((())))()
))
))(((())()))()()()()(()()))()((
)(()))(())))(()))(((((()))()((()())))))()())(
)(())((
)))())((())()()(())()()())()((
(((()()()
(()))))())()()((((()))
)))(((()(((((()()(((()()
(
)))()())))))))(()
((((()(()())))()()((()()(())((((()
((()(
()(()(()()())())))(((()(())()()(((
())(()()(())(()(()(((()()(()))()(()(()
())))(((((
(()(()(())()
))(()()())(()()()()((()
()(()())(()()(((((
))))))
()))))()(()))))(((()()()(()(((()))()(((())()()((((
)((()))()))))())()()()
((((()))(()()()()
))())(
(()()(((())(((()))))()()((())))((()
(()()))(()())())(()()()())()((
(()()()((())(((()(()))))))((()))())(()()(
)()())(((()()((((())()(()())))))))())(()())((
)((((()((((
())()))()(()))((()))(()))((())))())((((())))((
()())))()(()))))))
()()(
()(((((()())()))(())(())())(()()((()((((())()()
((()((()(())((())((()()))())())(()())))(
()((()(()((((((())())(()))()())()()())(()
((()()()()()(((()))())((()))((((()(()()(()((
)())()(()))(()((()((())())((
()(()(())())()))())
()()()))(
()())((()(()((())())(())()(
())(()()))))()(()
()()(()()()))())())(()()())(()())((()(())(((
()())()()))())())((())())())))))))(()))()(()()))
()()(((()(()()))())((())(())
))(()))()(((())))))))())(((()()(()()())(((()()
))(())())(
()))((())
)()())()((((()
))))(()()
)(((()
)(()(((())()((((
()(()((()())()((((()()(())))())))((())(()(
(((()())(((
)())))(()()))))()()(()()((((((()(((
)()()))(()(((()))()))))()(()())(((
(((())())))((()()))))))))(()((()))))))(()))))
(()(
)))((
))())()))(())()))())(()())(()))))()((()(()))()((
()(()((())()))(((())()())()((((()()()())(((())((()
)()())((()())))()))
((())(())((((()))(((()))()()(((()((()(()))()))
()()(()(()
))(()())))))(())()(()()(()()))(()(()())()(())))()
))))))())
()()()()()(((()()
)))())(())))())((()))))))))()))((
()))))((()()((())()((((
(())))(()((()(()))())())())()(
))))()))))(())())((((((
((())))()()))((((()(()((((()(())))(())((()(((()))(
(()())(())((((()((())(()(()())((((()))()()((()
)()())()(())))()()))(((()()))()((())())))(
(
(((()(())()())(()((()))))))
(())))((()())()(()(((((())))())()))())()(((())(
))(((())()()()(((()(()()(()))(((())(
)(()))(((()
(())())()())(())()(((()((()()()(()()(()))(((
))(())))())))))))(()(()())())))))())(
)(((())(((((()())(((()))())()((((())()))(())(()))
()))())((
(()))())))())))))())())))()((
((((())))))()()(()((()(())()(()()(()()())())((
))()))))(()(((((())
())()(()()()(((((()))())(((()((()))())))
()(())((())((((()(())())
)))((((()())(((()()()(()))))()()))))((())()))
)())())())))
()()))))((((((((()(())()(()(()())(()(()))((()
(((((()))))))()))))(
))))))))))((
(()()))())()))(
))((()))(()()()))(
))))()(((()))((((())()((()())(
)(()())()()
)(()(())))(((()(())((((
)(()))
(((((())(()))))())()()(()))))()()))())(((
()(())()((()(()(()))()())))
)(()((((((((())())))())()))())(()())(())(((()))
((()())(())()
(((()()))))(())
()))(()()()))(())((())()))
(())))(()())()((()((()(((()))()()())(()))(((()(
()((((()))())(()())))))((()()))()))(
)())))))(())())()()((((()(
())(()(((((((())(
))))))())()))))())()())))(((((()))())(((())()))(()
()
()))((()))(())(()))))(())(((())
(()())(())()))())))())
)))()))))())(((()))()
((()(())))))(()()()((())((())())))(
)))(()))()()(()
))))()))()))(()())))))(()))()())()(((())((
)()())))))())))((()))))()
)()))((()()(((())(()()()())))))(
(())())))((((()
()))()())))())(
((()(()))()()())(((()(((()))()()(()))((())(((((
(()()((()
)((()))()())())(())))
()((())))()(()()(()(()()))())(()((()((((((
()())))))((()())))(()()())()())))(()
)(
((()((
((()()(())((()
()
)()(()())((((()()(()()()(()(()(()))()()()(())(
))()))(()))(
(()(((()
)(()(())(()(())(())())((((())((())))))()(()(
(((())())((())()))(()
)((((((((((
())())((()))(((())
(
)()()))())))(()(()((()()(
())
)((()()))))()))))()()))((()(
((()()()()()(((())()))(((((())(()(())))()()
)))))(())()()())(())((
())()()(()(()())()())())((((())()
()))(()(
))()()(()))()
))())))))(())))()()()())(())()(()(())()())
)))((
)(()((()(()((
)())(
((())))()(()))())(()))()))()(()(()((()((())
((()()(()(())((()()))
))()))))
()()((((
()))(())())())())(()())))()())
)))))))))
))())((()()(()(()()())())
))(()((()())((()))())(())(())()()())(((
))))((())))())())(()))()()(()(((
((()(()()(()()()())()((()()
((
)))(()())))())()())
)((())())((()())(())(((((((()))()))
)())()))))))()())()()))(((())())())()
))()())()(()(((((())))(()())))))()((())()()()(((
())()()((())))(()()())()())(((()))((((
)(((()(())))((((()))((()))()))(((()()))(
()(()()()
()(())((
(())()(()
(()))())))()(()))))((())((()))(
())(
))))))))(())())())())()(((((((()())((())())(((
)(())))()(())))()(((()())
()()()(()((()((()()))(()(()))))((())()(()))
(())))(()())(())))
)(()())))))((())())))((())()(())))(())()))))))(((
))())()))
))))())))(()(()))))())((
())((())))())((())())()()((())())))))())))()(()(
)()()(()((((((())(())))()))()()((()()((()))(
()((
))(())()())())((()()()((()())((())((((()(())())))
()((((())(((((((((())(((())
)))(())(
()((()
)()()(
())((()))(((((()(((()))())(()
)((((())
((()((())((()(())()()()((()())))(())()))
)))((()(
((((()(
(()((()))()())())((())))(())()(()()(())(()()
()(())(
)()(()(()())()((())((((())((())())()))((((
(
())))()()()()((())(
))
)()()()()(())()()())(()())()((((())()()))()(((()))
))()(
((())((())(()))))(((()()((
)()((((((
)())((()()((((()()))((()())))()(
))()())(((((())
()((()))))())(((()()()())))()(()(()))(((((((((()))
))))()())))()(((())()()(
))()(
))(())()(()(
))())()))((())()(((())((())))()(())()))()(()))
))))(())()(()()()((((((()(()(())))())()()()))
()())((()
((()))()))(()(())
))())()(((()))))(()))()()))))()()()(())((((
)))()()((())()()()))()((()(())(((
)()()())()((()))))))(
)()()(())((((())(()())()
)())))(
()())(
)()())))))())(()((()))())(())(()()
())())(()))))))))))()(())(((((()(((((()()((()(()
())(()()(((
()()(()()()(()()()(((
(
(())()(())))
))()((())(((((
(()))()))))()(((()))(())))((())((()())()((
)()))((())))))(())()(()()(())((()()))()
()
(()()))))())(
))))())
))))(()(()))))(())((()())))(((((
(()))))()))())))))(()())))))(
)()))()(())((()(()()))())()(())
)((())()()(())))())(()()((
(((((((())())((())))())((
())(((())((())())))((
((())())())))))))()))(((())((()))))(
(
)()(())(()))((((
()(((()))(()()())))()(()))((())
))(())(
(()()()))()((((()(()(())(((())
)))(
)(((())(((()()
(
)(()(())))))(()(()(()))()()(())()()))(
))
))))))))))())())))()()()(
)
)
(())())(((())()()()))((()())())(())()())(())
(()))))()))(())((())))))())()())(((
)())(()()((()(()())())()(()))()())(
)()())))))())(
(()))()))()((())(()))())()((()))())()(()
(()(()))()())()))())()(()(())()
))()((((((()(((
))()()())())))))(
()(()((()((()))())
)())((((())(()())((()((((()))))((()))(((((())
)((((()))(())()()()(()()(((
))())(()))()()(())((()()(())()))()())((()))()(
))()(((()(()()()((())((()))()((()))(())())(()))((
)())))()))))(()(((
())()()(()()))))()(
()()((((()()(())()()())()(())()))((())())
))()(())(
(((()(()()()()())((
(())())()()
)(()))())))((())(()))())))()))))))(()((()(()
()(()))((()((()))((((()((()()))(((
)()((((()(()()))(()
()(()))(()()()
)(((()(
)(((
())())))((((((()((()(()())()))))))((((())()))(
())(())(()))()()))()))()))(()))()(((()((())
()))(()))()())()((()((((((())((
))((()((((
())()(((())(()()))()((()))
(())(()((()))))))()))(()()()((
(()()(
)()(((()(()()(((())
)))((()(())))))())))(()()))()))))
))))))))))))))(()(())((
(())))((())))(((((()()())))((()((()(())))(())(()(
((()()()(((())(((()))))))(((()()
(
)(()(())()(((()(()))(()((((()(())
((((())())())())))((())()())(()))))))()))(()
())()(()(((())(())(((())
()()))()))(((()(
)((
)())))()()()(((()(())(()))((((()
)()(())()))((((())(
)(((()
()(((((())(()
))()()()((((()(())(((()))))()()()))))(())))((()
())(()((())))
())(())(()(((()
)())()()))()()()))(((((((()
()(((()))())()(((()((())
)()(())))((()()(
))())((((((()
(()))((())(
)((()(()()(()((()()()()()()((()(()())))()))()(
(((())((()(())(()(((())())))()((())
)())())))))()(()()))((((()()))()))))((((((
())(()()))(()))(()()
)())(()())(((
))
()(((()(((((()())(()(()))())(((((())((()(()
()))(())))
)())))()((((())())))()))()())()())(()())()))((
(())(((())(()(()(())))())))))))())))()(())()(())
()()(
)((())()((())((())()()()
))))(()((
))())()))())(()()()()())
))())()()))))(())())))
()()()
)(()())(())(()(()((((()((((()((())((
(((()()((())((())))(((
())))))((()((()((()())(())(((
(())(((())())(())))(((()((()((()(((((()(((())(
))(())()))))))((()(()))(((()
))(()))()())()())))()))(())(()
(())((
()
)(()()))()())(()))))((((()(()(((()())))())())
)))((()()()()()))(()((())
)))()))))())()())())((())((())))))()(())
(((
((()()(((()()(()(())))))(()(((())()(())
)())))(()))()))(()()(()()(()((()))))
(((
)(((()(((()()(()(((())(
()()(((()))((()(()((()(((()()))(()())))(
(()())()(((())
)()((()(())()(
)
)))))()))()))(()())()())(())))(())(((((())))((())(
)()))(()))()
(())))(
((((()((
(()()))()))()))()(()(((()(())
)()()))(()))))()(
))())(())))))
)))))()())((())(((((((())(()())())(()()
)))(()((()(((()(()()()())(())(
)()))((()(()))))))(((
())))()((())())))()(())(((((((
()(()()
((())((())))(()((()((()))))())((((()()(
))))(()())(()))())()((()))((())))))()))
())))))(()()))(())(((())((()((()()))()(())))((()(
))(())))((((()())()(()()((
(())())((((()))(()))(((()()()((()()))
())))()())))))))))((()
)()(()()((((((())()(())))((((()(
())()(()()((((())((()()(((()
()
)(((())(((()((()()(()((()())
()))()))(())()))())(((((()()(((((())(()()()(
))()))))))()((()()())(()((
((
)))()(()()()
)(((((()()()()()((()(()(()(()(()())
()()()()())()())))((((((
))()()(()()()())
(()(())(((()))()((
))()(((())))(()))(((((())))))())(())
)()))()))))))))())
)((((((())(()(())()(()(())(()()(()((())(((())()))
())(()(((((()))))((()((()))(()())))(((()()
()))))))(())(()())()())(()((()))(((()()(
)(()((()((((((())))(
())()()())()())()()(()(
()()
))))())()))(()))(((((()))()())((((()
)(()(()(())()()()()(()((()()))())()(()(((((((())
))()())()((()))())(()
)(
()))(((())()))))((((())((()(())((()()(()((
)()(()()))))(()(((()(())))(((()())())())()(
(())(()()()()()(()
)()(((((())((())(()(()()))()((())()(((((())
)())))()
((((()()))()())()(()())())()(
)(()((()))()(()
))))())())())(((((())(())
)((())((())((())()))))))((()(())(()()()(())((
(((
))())((()))()()(
))()()())())()(()))()))))((()((()()(()()(())())))
))())())))))))))())))(())()())())())))())(
))()()())()()))))())((
))))())))()()()))(()((
())()((()()))()((()())))()(((()((
))()(()((
))()))()(()(((((()()))))())))()((())((()
(()))())(()(()((((((()(
)())(((((()((()()(()))()(((())(()())(
))()()(
)(((()
()((()))((()()(((()((()((())(())()))()(
))((((((()()))(()()))))))(((()()))((()))(
()()())()()((()(((())((())((()()()(()((
()())))())(()(()()())(()((()
()))(())
)((()())(()(
(()))))()))()(())))(()()())((((())))()(())((())))
(()()(((()))((()
)))(((()((()((())())())((((()()((()))()(()()((
()()))(((()))
))(((((()()(()(()
)(()((()))((()((())()(()()(
(((())()))()()
(()(((((())))((())()()()))))()(((())(
)((((())(())()()))()((())())()(
)))))))((((())))()))))))(()())(((()((((
)(()(()()))((
())))))))()((((()))))())()))()))
(((()())((()))(((((()(((()(((()((()())))((())
())(())(((())))))()()())))(
)()()())))()(()()()((())()(((()))()((()))())((()(
)(((())))(())(())))))((((()(())()))())))((()(
))()(()()))((())))((()(()())()(()
())())((((((
((()(())(())
)()(((())(()((()()()
((())))()))()()())())
)((()()))))((()(()()(()((((
())()))))))())()))(
)()((())))()))((()()((())))))(()((())()(())(())))
)((()(())()()())((()()((())(((()((()
()()(()((())))()()((())))())
)))()))(())))()(()()(()))(((((()())()())
)))()(()()(((
(()))())
))()()(()()((())((
)()())()()()()))))()(((())))()()()()))((
())(()))))(()((())()((()(
())()()()()(())((()()(((
()(()()))))(())()(()())(()()()))((())()
))))))())))))()()())((())(
)())))(
)))()()((()(()(()()((((())(()()(()))((
)())))(()()(((((()()())((())(()((()
)(())))((()(((
))(((())()()(()())(((((()((()())((()(())(
(
)(())(()(()()()))))((())(()())))()())())(()(()(()
))(((()(()))(((
)))((()())((())))))())()(())((((())((()(()(()
)()()))()(()()(()(()))((((
))()()()())()(())()((()
)(()()))(()
))))))))()
()))())
)()))()))((()(()()()((())))(())))()(())))
()())))))())))()()()))()((()(())())(
(()(((()))))(())(()()()()))))(())))()))
))))(
))
()(((())))(()((()((((())((())(((()))()()
))(()))))((()
)()))))(((((((()((()(
)((()))))())(((()))(()((()))(((())(()
))))(())())())())))()))))))))(()((
)(())()()((()(())()(())())()
(()(())()())(((((()((()((
)())(())()))())((((())))))(
)))))(()())()(()(()))()
())()(((()))))(()()))((()
)()))())((
())(()((())()
))()))))()))))()))(
())
()))(()())(((())(()())))())((((())))()))()
))((((())))((()((()((()((())())))()(()(()())()((
)())((())(()())())(()())))((
()((
(()))(()()))(
))())(((()()()))((()(()()))(())((((()))())((
))()()()()(
)(()())((((((()))(((())(())
(((()))(()))((
()()))()(())))()(()))())()()(((())))())
((((()(()((()())((()()
)))))(())()(((
))))())(())()(())))(()()()(()(()(((()
))((()))((()(
)((()))()((()(())()()))))()())())))))(())(
)))
()))(()(((()
()))((())((
)))()())()()((())()((
)()(()())(())()()()
((()))()))(((())(()))(())))(())()())((
(())()((()((()())))))((((()()))(()())
()))))))))()(())))((()(((((((()()(()()((()()
)))())()((((((()))))))()(((())(()))(())))
)(((()))()(((())(()))(()()()(((((
)))((())((())))((((())((()()(
)(((((()))((((
)))())(())))())))))())
())())()())(()((())(()()))))()(()
())))()()()()()))
))
((()))))((()()(()))(
()))(()
()()())())))))(()()
))())(()()()()((((())(()))))(())))()())))(
()())))))())()(()())(()))))
(()((((())(()()()))))()))(((
)))))(((()(())((((())())((()(())(())
))()(
()()()((())))((((()()((())))(())))(
()()((()(()((()))(((())(()(((((()())()((
()()((((
)((())(()(()))()))((()(()((())()
()(()(()(()()))())((()()())))))()(()))(())))
)(())((()(()()()()(())())))()))((())(
)()((())()()
()(((())(()(()(((()())))((()))())))())()((
)))))()()))))(()))))())))(()()(((())(((())()((
)()(((
)((()))((((((()))())(())())(
))))))))(()))((()(()(()((()())))))()
)(())()()))())
)))(((()((())))))(()()(()
)()())(()()))((()))(
)))(()))()))((()))(()(
(((())())((
())())
)(((()()(((())(())))())))))())(((()(()))))(()
)())(()((((((())(()))(()(
()()))())()(()(((())(((()
)(()())(()()(()(((())())())((())(()))())))()((
()(())()(())(
(()(
((()))(()()()()())()()))()((())()
(()())(())())))))))()(())()()(((())(((
)()()(())(())()))((()()()(((
)(()))(())(())()))(((()()()((((
)()(()()(()))(((
))()((()))((()((()())(((()))()
())(()()))))()((((()(((
)))))))()(()(()()((())(()((
)))))()()(()()((()(((((((()(()
)())(()))(()((())))())(()(()
))(())(((()((()()()(())()(())))())((())()
()()())))()))))((
))()())()))(()()))())()()))(((((((()()))((())(
)())))))((())()(())()()((())((()(()))))(()())))(
(((()))())((((((((((((((()()))))()(())()()))())()
()()(
(()())((()())((()()(()()()(
)(()(())((((((()))(()()(
))))))((()()(()((()(()())()()))
(((())())))(())()))())((())))()()()())())(((()))
())))()(())((
()
)()))))))()((()()()(())()())(
(()((()))()(((()(((((((()))((()(()))()(()())))(
((((()))))))(((())
((()()))))
(()(()(()((())((()))(()()))((((((()()))()(
()((((())(
))()((())()()))()()((())()(()
))))((()))((()((())))((())())())())((((())
))))))(()(()())())((
)))))(()))))))()()()(())
(()))(())())((()((()(()))(((())
(())))()((((((())((((())()))())((((
())))(((((())()(((()())(((()))))()(((((
()(((()(())))))()((((()
))()(()
)(()()
()()(()((()())))(()()())()((((()))
))()
()(
)(()
((())(((())))))))((((
)))()(()(())))))))())
))()((())((
)))())))(()()))()))(()((()()()(
))(()))()()))(((((())()))((((())((()))())((
())))((()()(
)())))()(()(
)))))()()))((((()())(()()()(
((())()(((
))((()()(
()))(()()(((())((()))(())
(()(((())()(()))((())(())))()
)))())))))()))))((
()()(((())()))()(((())(()))()())(((()))()
)))(())(()(()((((()
))((()((()())()()()
)(())()()())))())))))()
()()(())((())())()()
))((())
((())))()(((())))()(
)(())()((()())((()()(
()()))((()())))(()))((
((()))))()(((()((()))))((((()(((()((((()((()(()()
))())))))(()
()(
))()())))))(())()((())((()((
))(())()))(
)(((()))((()()(
()))())(()((((())(()
(((
()((((()()))(()((
(((()))()((((()(()(()((()()
(()))))(((()()))()(()(()))()()(
)())))(()((())(())((())())(())(()))
)()))(()()(()))
(()))()((((()(
(((())(())))))()()(())))))((())((((()()((
)())()))())
))))())()(()(())((()(()((()(())((()()()()(()
)(()(()))()()))())()
(())()))((()(((((()()()()))))(()()(
))((())(
)))))(()))())())(()))()
())(()(())()))())()()(()())((()())(
)(((()())(((((()))()()(())))(()()()(((()
)()((()((((()((
)(())((()))))
()()))(((((())))()(()))))(()())((())(
(())))(((((())()()(()()()(()()(())(()())
((()((())()()()((()))))(()()(())()(()(
())())()())((()((())())))())((((((((())
)())(()(()))))()
))(())()()())))(((()())((((((())))
(((()()()))(()((()
)())(((()(())()()(()())))(((())))()()(((
)(((())(
((()))()((())(((((((())(((()())(())(()(()()()(
))((()))))()(())(()()()(()))(()()()((()())
))(((((())((()))(()()
((()()(())(()()((((()(()))(()(((()((()
((())))((())))))))(()))(((()()))
()(()
()(()))())))())((()
()()((((())))))))()()())((()()))((())())(())((
)((()())))()()(((
)))))())))()))()(((()
))()(((()))())()()(
())))((
)()))))))())))))((((((
(((()())()()())))(((()))(((()()
())))(()())(()))((()))(()()
)(()(()))())((()())(()
())(())((((()
((()(()()))(())((()(()))()))(()((()(
)()())()()))))((()()())()()(
)((()()()())((()(()((())()))((()()((
()(((((((()((()())((())))(((()()(
))()(()))))(()(()()(()
))())))())((())()())(()))(((()(()(
(()))((((())(()()()())))())(())))())(()
))((())))(((())())))
)(())())(
))(((()))))(())))()(()(()((((()()()))()()(
(((()())((((()))(()))()())(((()()((((()()
)))(())))((())(()))((((((((((())((((()())
)))(((())(()))()((()((()))(()))(())(((()((()())
(()))(()()))
(()(()))))))(
())(()))((())((()((((())()
)))(()()()))))))()((()(((()(((()())))
)((()))()((())))()))()(()))(()(()()(())((((
))))()(((()))(()))(((())(()(((()())((((
()))())(()))))()))((()()(())))(()()()((
))(
()(((())()))((())()
())((()((()(()((()()))(()))
())(()(((())))()(()(
(((
()))))())))()))())))(())())(()()()())())()(((())((
())(()()(()(((()(
((()(())(()())())()(()(())(
((()((())())(())())(
((()))()())(())()(())()(
())())((((()())(((()()))
)()((()((((()(()(((
)())(())
())))()((()))(
)(((()()()(()(((()))()()()())((
))()))))(())())()(()))))(()))(())()((((())))((
))(())(())()))()(())()(()()())(()()()))(())()(
((((()())()((())())))))(()(())()((
(((()(()())(
()()(())))(()())(()()()()(()))(((())))((((
)(
)()))((())(
)(())(
()()((())()))()())((((()()()((()((()(())
(()(()))))))(((())()()((()())))))
)()(()()()())((())()()()()))((()))()(((()))())(
))())()
()())()(())))()(())())()((
))(()(()(()(())
)((()(((()(()()()(()(()()(())(((()))(())((())
((())((())())))((()(((())((((())))()))())())))
(((((((()(())()())(()))))(())()()(()((((()((((
)())))())((())(((()))(((()))()(())())(
()
()(((()((((()(()()))(())())())(()()((())()()
))((()))())))())())))))))(()((())(((
))())())((
))()()()))(()))(((())))()()(()()(()()))()()
(()((((()(()(()()((()(()(
((((()(()()()()()())))(()))))())((())())()(((
))(())(()()(())))(()(()(())(()(()())()()()()
)()(((((((()((((()())()
)((((()())((((()()))(()()))))(((((
)(()()))((()()(
))(())((((())))((((()))(
())(((()(((()(()(())(()))()
()((((())((
))(((()))))))
()))()
(((((())(()))(((((((()(()(((())())))
)((
((()())()(((())((()()(())()
(()())))(((())()))(()(((())()
)()))(()(()())((()
)(())(())((((((()
))()())())(((())))((()))))(()()
))))(()(
))(((()))()(()
(())
))))(()))))()()((()))())((()((()))(
))))))((((()))))())())())()((()())())))(()(()(((((
))((()((()
(((()()()))((((((())))
))())())()()))(
((()((()()())(()(()(())()))(((()())))))(
(()())()))))()(()()))((())()(())())((())))(
()))()((((()()())))()))(((((())(())(((()()((()))
()(()(()())((((()
())())())((()())))((())(((((())(((((
))()))))(()((()()((())))))())((
(())(()())())))())()(())))))))))()()())(()
)))()))(()()()(()(()(((((((
((()(()(())))(()(())()()))()))()()))
(()(((())))()()()))()())
))(()()())())
(()()))()
)))))((((()()(())()((())((())((()())()()))()((
((())))(()))())()(())))((()(())))(((
)(((()))))(())(
()()(
(())))(()((
)())
))(
)))())(()((())((()((((()))))(()((())()))(
()())(())))(
))())(((
)((()(())(()))(()())((())))(())()()()))()((()
(()()))(()())))))))()))())
(())))))(((())()((()(()()((()((((
))(()()((()))))()((())())(((
()))())((()()())((()((()()(((())()))()
))))((())()()())(((()()
(
)(()))()))()))(())()
(())()))())((((()((()
(())())
)))(())(()(()(())(()(((())((()()())(()()()()())((
)(()())((()))
()())
()())()((((((
()()((((()()())((((()(())()
))))(()()))(()(()))(()()())(((())((((((((()
)())))((())(((()))(())()(()()))()())()((()))(((((
))()()))()())((())(((()))(((()))))(()()
((((()(
)()())()()((((((()))())))))())
))((())))(())))())))()())))(()))))()))
()(()(()(()))))()())())))())(())()(((()(()()()(
))()()(()(()()()())())()()()()()))()))()))(((((
())())(()
()((())()()))())(((()))()
))(())()())())((()()
((()))()))(()((())
)(((((()())))((())()((((()(())
)))(()(((
()(((()((()())))()())))(((()(())(())())((
()()())()))))(((())((())(()((((()(()()((
(((()))(
)())(()(()))))(((
(()()()))(((
)))()((()(()()())((()))())(()((()(())(()))))(()((
()((((()()))(((()(
)((((())(()()())()((((()(())()))))))()(()()())
)()()))((()())(()(((()((())))
))))))))))(((((()()((
)(())))
()()()))))())))()()())()((())
))())()((
))((()()())
(())()))))())((())()(()(()))
)))(()(
(((())((((()()(
((((((()(
((((()))()))()()(((((((()((()(
()))))()))())((()))())))()
())((()))()())(((((
))))()()()((()(()))(())())())()((((()()(
(()())()(()())(())(()()())
()((
(()()())()())((((()(((((())()))))))())((()(
(()()((((()(()(()(((()))))(()
))((()(()(
())()))(())())())((())))())()))(())()
((()()()))))))())())(((()()))()(())(()(((())(()((
())))))))
()))()(()))))))()(()))((
)()(
)))))((((())(((()
)()()(()
))(())()))()()))()(
()))))))()))))(()(()))(()
()())()))())))
(()())))())()))))())))((())())())(())(((
(()()))(((()((()))())(
()())))())(((()(()(((())()(()(((()
(
(()(()())()((()(()()
()())()((((((())))(((()))))())()))))))))()(()
)((((((((()))))()))())()(()))())))))()))))))()(
))((())))()(())))()()())))(((
))(()(())()()(())()))()))))(()))((()
()(()))(())(()(((((())())(((()
()()(()())(
()))()))((())))))((
)(()
)()(())(()())(()(())()()((()()))))()))(((
()))))))())()(
()))((((
(())
)()))((()(()()((())()))(((())()())(()())(()
()(())(()))))(())))(((())())((())(()(()(())(()))
())(((())(((()()()(((((()()(()((()
(())((((())(()(()((()))(())((()()(()))(
)))(())()
()()()))()
)))())(()))((())(()())()(())))()()(((((((()(()))((
()))(()
)(())
))))())))))))(()()((((((((())))(())(()())))()
)())())())((((()))((())))()())))(()(()))()((()(((
()()()))()))((((((
(())(()(()))())(()())(
)(())((()(())()()))())))(((
))(()(((()())))())()
())())(((())()))(()()())())(
(())((()(()()))())))))))())()((
))))())))())(
(
((())))))())(((()(()(()))())()))()()(()(())
)(()((()))((()(()
)()))()(((())(((()(()()()))
(())))(((())(()())()))())()()()(()()(((
()(
))))()))))()((()))))(()))
))()()))((()))()))())))(()()()(()))))())()(())
((())((
(())()()()(()))))(())((()
())(()))()))()))()
((())())))(()(())))()())))))())))(())))((
())()))
)(()))(((())()()()()))())(((()(
))))((()(((((())))))))))))(((()())
())))((()))()())))((())()((
(())())(()((((())))()()(())))
)))(()(()))(()(())
(())))()(())(()()()))
))(((((()(()))())(
((()
)())
()()()))))()(())((((()))()(((((()())())(((((((()))
)(((()()()(((()))(())(((((())))))))))(())(
))(()))()))()(
)))()))()()()()))))(()())(()
))))()()((((()(()()())))(())())))((((()))()(())()
())()))))())((()())(((()))))(()())))
))()())(())
)()(((()())((())(()))(((
()(()))))()()()((((()(()((())())))
(()(())(()()(((()(()))()(()(()()()(()))
()()((((())(())()((())))))))()(
())())()()((
)(((((()((((((())())(()()()((()))()((
(())((())(()()())(()(((()((((
(()(()())))))())(()()()))(()))
())()()()
()()(())()))))(()(())))()()())())))(
)()))()))()()))()(())))))(()()(()()()())))((()()((
(())
(()(()(()()(())(())))()
())()(((((()((()((()())(()(()()))
))()()
))()))))())(((()(
)()()((()()))((()))()))(
((()(()((())))()(())))))(())
())()(()()))()))))(())()(((
)())(()((())())(()())(())()()(()(((()())))(((()()
))())())()()))(()(()((()))()))))()(())()((((()()
))))(((()(()(((
))))()()()()(((()((()))))))()()(()()((((((
)(())(((())))((()())((()((())(())((()((((((
()())())(()()((
)()(()(((((())))((()((
()))
()(()()(())))())((()()())))))(()((
()(()(((())))())())())(()())))())(()()
(()))(()()))))()()((())(
(())))()))(((())()))())(()
(())))))))())
(()(())(((
())))()(()((()(())(((())((((()((()))(())
()(
(
()))()
)((()()(()
)()()(
(((()())())))(
())(((()()))(())(()()))()))))))()())(((()))
(()(()())(()()((()(()))()((())))))
)(((()(((((((((
(())(((((())))(()))))))(
)()
((()()(((()))(()))((()
))))()))))()())))))(())((())((()))(()(())))(())
(()((()(()
))())())((((()()(()())())())))(()))())((()(()(())(
)))(()()(()))())()(((())(()(()())()())((((
)()()
())()()))(()))
()(()
)))()))))(()()()))(((())(
(()))((
()((()())
()())(())(((
)())()))()((((())(()))()(())()()))())(()((((((()((
)(()(())))()())()(()()(((((()
()())))()))(()()()()()
(((()))))())()())(())))()(()(())))))((()()))
()))(())((())((())(()((())((()((((()))((())(
))))((()((
))()(((()()(
)()(()(()(())()()())((())((()((())
)))(()((((((((((()()))(()))()())((()))())()()
))()())))))((())(()))(()()()(())))(((()(()
)(((())))))(((()((())((()(()(((()()((()(((()(()(()
))(())()))))())(((()(
()(((())(()()(())))((())()(((()((()))(()()()()
())())))(()(())(()((())(()()())(()())))((
(()()(()((()))(()(((((()))(()())((
)))))()()((()))()()((()()()))))(
(()()())(
()
()((()(()(()())((
)()))()(((()))
()(()((()())()())((
()))))((()(((())(()()(()(()))()(()())))(
)(()()(())()))()))))()((()()()((()(())())((()(
())))((()))(()))())())()(()((()(()(((
((())(())))))(
(()))(())()((())(())()))))(())(())
)((())))((()((())(()))())((((()())
()()())))))()()())()()))())))())(
)
())()
((())()(())(((())(()()((()())((((((
))))))))(())()())()))
()((()))))((()()(()())(()()()()))))(
)))()()(())()())()())()())()(()(((()((()(()(
(())((()()))(((((
())(((()))))())))())((((
((())()((()())()))))())()()()()
)()())(()()()(((())(((((()((((()())(())(((
)))()(
(())))(())(()()())))
)(())()()((())(()())())))))(()(
())()(((()()()
)))))()(()((()((()(()))))(())((()((()(()()()
))()(()()
(
)))))((())())(()()(())()(()()))()()))))(())(
)(()(((())((()(()()(())))()))))(((())
)())()())))(()))(()()())(
)((()((()()()(
(()()((((()(()(((((((()))
)(()()((())
)())()))((()()())()))(()))())))()(()(((
(((()))(()))()))(())()(()()
)()()((())(()()(())((()))(()(()((())))
((()))(()(()(())()())(
(())(()()((()(()()((()(())((()())()
()()((()(()()))()()())(())()((()())))))
(())(((()()())
(()(()(()()())))())
()()(()(())))))()((((((()))()
())((())()(()()))())((()((
()(())((()(()))()(()((())(
()))(()()(
(((((((()))))()((
))
(()())(())))()(())(
))()))))))((((()(())()
))()))(
)((())(())(
((()()))(()(()(())(()(
(())(()())((()(()))))))))(()(
())())(((((())(()())(())))())((()())(()())
()()))(()(())))))(()))((((
))))(
(()()(()(())))((())(()))(()()))
))(())(())()))))()))((((((())))
))
)()())(())())())((())(
)())()))(()())))())((((())(((
)(())(()())((())()(())
)()))))()(()))(()(()))))((((()()
(())())())))))
((()(()((()(()))(())))())(())(()()()))((()())))((
(((())())()(())
)((
))(()()())(((()(())()(()())))))(
((()()()(((()((()(()())(()))(()()(((()))))
)()())()))()(((())()((
)()())(
)()(()))))(
)(()()))(
((
())(()(((()((())((())()
))
((((()(()()()()))))))))))()))()))(()((()))
)()())()()()(())(((((()(())()))))))(()(()())()(()
)()()(()))())))()()))))))))
()())(()(((
)))))())()()()(())()))())(
()(()(()(((((())(())
()(()(()())))((()((()())))(())(()(()
((((())((
))()()(((())(((())())))))(((((
))()))))
()(()(()())))()))
()(()(()())((()(()((
)((()))()()())(())
)()))))(()((())((()(()((())))())(()()))()
)()
((()()(()((((()()))
)()(())))(((((()())())((())()()))(()()
))(())(()()))()()))())()(())(()())((()(()(())()())
)))()()()(()((()((()(
))(((()())()())()(())
))(()(()()))((((()(()(()))((()()(())()(()))()(
())(()()(((((()())(()(((((())(((((())))()()(()
((
()(()))
)())))))())()())())))))()(((
(()))(((())(()(())(((()))(()))))(()))(()))()(((())
)(()(())(((((()((()()))))
((()))))()(())))((((())))()
))()))))())()())))((()))(()))(((())((()()((())(()
)(()(()(
(()
))()))(()))(())(()((())))())(
)))()())(()
)()()()(()((()))())((())(((()()(((()(
())))))()()((())()(())()(())(()()())))
)()()(()()(())))(((((()())))
)())(((()))())(()()()()(()()(()()()()
)(())()()))((()
(()((())())))((
)())))))())()((((()()()()()))(())())())
()())(()))(
()))))
()((()()(())((
))(()(()())(()()))(((())()))(()((()))))(()())()
)))))())((())()()((()(((()()()()())))()(
(((())((())()
)))(())()))))((()))))()((((())()())
()))()())(
()))((())))))(())()(()())()))(
)()(()))(()())))()())()(()((((((
)(
)((()()((()()()
))())))())(()
())))(((()()((()
)))))(())(())))))()(())()((()())))(
()((()((()()))(((((((((((
(((((((())))()((())())))()(()
)))())(()())()(((())))())()())())))(
)))())()
)()(()())))()(()()()(((()())()((()()(()()((
())((((())(()())()())((()(()())())()()(((((())
(()()((())))
(()(((()(((()())))(((()(((
)))))))))))))())(())(())
(()((())))((())(())((()(())()(())((()()(())()
)))())))))(()))((
((()((()))((()(())(((((((((
)))())(())())()(()((()()())()))((()(
())(
)))())()((()((()))((()(())())((()(())(()))))
()())())))((()))
))())()))))((()(())(()(())()(())))))))()))
((())(
())))()(()((()((()(
))(()(())((((())))(((()((()
)())))))((((((()((()
()))()(((()()(()((()
)()())((()))()()())((((((())()()
)))((
()(()()((())))((
)())))(()((())()(()))())()(
)(()))(()()()(()(()()))))((
))())(()()(()())((())))((())(
(()(())(()))))()()))))()())))()(())(((()
(()((()(
)))()()(()()((()())()
()())(((((())()(())(()))((((((((((((()(()((()()(
()(())((()((((())((((()(((()(()((
())))((
()((())(
)()()(((()
(())()(())(((((((()()()(())((()))))(((((((
)))((()()))()(()()(())((((()(())((
())))))))()(()(())((((()))()((((()((
((())()((()())(())(((())))))))((
))()(())))))))
())())))))(((()()((()((())()
)())))))((()((())(((())()(())((()((()(())
))))(((((()))
))())())))())))(()())(()(()
()(()
)(((((((()())(()))))))())
))()(((()(()())()(()(()))(())))((()))
(((((())()((()()((((()()()()()
)))))((())))))((())()((((()())()))((
()()(())((()()((()()()())))))()(()))))
()))))(()((())(((()))(((((())((())(()(((()(((((
)
)()))))(())))(((())()
()()(()())(((())()(((()(((()((()))
()())(())(()())))))))())(((
((()()()))()())((())()
()()(()))()()()))())()))))))(((((()()
))
((())()(((()((((())((()))())((())()
()()((((((()))())(()(()))()
))(()())((()))(()(()()()((()()((()((()(((((((((
((()))()))))()()()((((()))()(()
)((())(
)(
(
())((()((())(((())()(()(((()())(()))))
)()())(()))((()()())))))())))(()))(
((()((((((()()((()((())))((()()((
()))(())()())))()((()())))((()(())()()
))(()((()))())))(()())))()))())(()((()))(()
()()(((()((()(((())()(())))((
(())((())((()))()(()))()
((((((()()(()))
))))
))()())())(()(()
())(()(()))())(())()())
))()))))())()())()())
()()()(())()))()(())))(())(
((((())))((((())()(()))((())()(
(
)()))(()()((()()()()
(((())((()(())()((()))(()()))
))())))((()(())())))()()
())))()(((())()()(((())()())))((()(()())))(
))()((((())))))())()()(()()(((
(()
)))))()()))(()(((
()))()))()))))(()()((()((((()))(()()((((())()((
()(()))((())()(((()())))
)))((((()
)))()()())))()())))))))())
(((()((
(((()())))(()))))())))((((()))))(())())()(((()
)())()))())())((((
()))()(())(())((
((()))(()(()()())()))()))))(((()())(()(
()()()(()
()))(()(())()(
))))))((((()))()(())(()()(()()()(((
(()()())))(()
)())())
)()))()))(())((())())(
(())()()(())()(((()())((()))(((()))))()
))))())))))))))))())))()((()(()))((((()())))()
()))((()())))(()(((()(((()((()(())((())()(()())((
))()())((((((()())))()(
()((()())))()(()))())((
()()()(()(()))())(()()())((
(((
()()))))((())(((()((((())()(())()))(()(
(()())((((())()))())()(((()(()((())()))((
(()(()()())()
(()((())(()()))))()(()(()())(()))((())(()(()(())
(()()(
)(()))))((())())))))())()())()())(
(())((()())(()(()))())(
((())())))()((((((())))((())(((((())()
))))())()((())())))))))(())(()()((((
(())
((()))()
(()()(())())()()))(())(())()((
))))()()())))(()())))(((()))()(()(()
)(()((
)))()()(
)(
)))()(((
)((((()()(((()))
()
)()(()()(((())(())(((()()))((()(())))))((
)))))((((((()))()()(())))())))(
))(
()()))))))())()))()(()())
()))(())))()))()()()())())))()((()()(((())))
))()()()(()(()()((()())(())()))()))(
()()((()())(((()()((())()())((())(()()())()))(
))((())()))((((()(()(((()()(())())()))(())()))
(()())())))))
)(()(()()(((())()(())
)((()(()(()((((()(
))(()()()(((())
())()(()((()))()(()(())()))
))()()((
)(((
))())()()(()()))(
)))(()))((()))()((())(()))))()())((
(((()
((()((()
)())()((
)))))(())()()))
)
(())())(((()()((()
()))(((((()()((()())))
))())())((()))((())))())(()((())))()((()()((()
()))())((()()())()())(())((()))
()()(())))))((()(())))())()(()))((
)())))))
((()(())))))()))())(((()
)((()))())())()())()())())()))((()))))(()))((())(
()((()((()(((()(()((((())))())((((((((()(())
)(()((()())))()((()))(((()
)(()))()))()()())()())
()(((((((())(((((())
)()()((())())))((((()(())((()((())))()())()(()(()
)()(()))()
)))))))()))())(((()()())))()())()(()))())
)
)(()()()))))()(())(()()()()(()(((()(())
(())((
)))()())
))))((((()))))(()(()))()()()((((((((()((())()(
))))()(((())((()()((())(
(()))))((((()()(()()(())(((()())()
)))))))(()))))))((()))()())((()
())(()))())
))((()))))(()((()((())()())()((
()(()((())
()))()()((()()()()))((())((((())((()
)))()(((())(()()))(())((()()((())()))(()(()
)((()))((()()()()())))))(((()))()((((((()
)(()())())()(()
((((()))(())))))())))((())(()))()())(())
(())(())(((((()
(((())(())(()()())))(
)(()())(()())())())(())(((()
)))))(())(()))()())))()))())
()(())))()))(())())))()())()))
()))(()()(((())))))())(
)))(()))())(()((())))()(()()(()(()
()))(()(((()()
(((
()()()(())()()((((())))((()
)()((()(())((((())))))()())(()())(
()))())(((()()(((())((())))))
()((((()())(()((())))))))()(()((()))())()(()))()(
())())))((()))(((()()())()())((()))()
((((
((())()((()()))))))(((())(()(())()((
)))
()()()((((()(()(()(()(()))(()))((())())
()())()((()((()((())))))))()(()()(((()()(()())
)())))))(((()(()()()()())((()()()()()())(((()))((
)
)()))())))))(())))(()())()(()()()(()((()()()()
))()()))()())())((())))()))(()))
)()(()))(()(((())))()))))(()())))(()
)(()()(()((()
()()()))))))()(((((())(()
())()))(()()()(
)))()((()((((()))())((((())()()
)))()()(())((()))))()))))())))))(((()()()())()
)())()))()((())(((((((((((()))()(
)()())))())))(()))()()()())(())
((()(((())(((()))))))
)(()(()()((
)))((()(()(((((()))))))()((((
)))))()((()
())))())(())(((())()))(()))())()(())(())()((()
)(((()))))))())())())())
)()())())())
)(
)))()()())()((())))())((((())()))))()()()))
()))))()()(((()))(()((()(())(())(
)((()(()())
)))()))
())())(()(()(()())(()))
()(()))(((()(()))
))((()(()()))))(()))(()(
()))()(()()()(()(()))()((((()(()()()(()()((())(((
)()()())(()((()))((()())(()()(())(((()(((((()()(()
))()(((()(((()(((((()))(()))()(())))
))(()))()
)))(((())()()((())
()()())((()))))())(()(()())()((((((
))(())((((((()()((
(
()()(())))(()()))))())))())
))()()()((
)))))))((()())(((())(((()(()(()))))()))))((()
)())))))))()())()((()()((((((()(()(())(()
))())))())(())((()()))(())(()))()()))()
()((())()
)
(()()))()())))((()(((()()(()()))(((())
()())))))
)(()))(((()))(()))((
))
())())))()()((
(()()))()((()((()
((())))(()()(())(()(((())))()
))()((((((()))((()())))
())(())(((()()())(((()(()(()((((())))(())((((()))
)())(())())((())())
)(((
))()(()))()))))((())()())()
)((()(()()()()))((()))(()((()))()((()(())()(()(
)())()())()(())))()(((()((((()()))()())))
)))))())))
((()()()())())))()()(())())(())())))))(()))())(
)(())((()((()()(())(()(()
)))((())))))(()()()))((()()((()))()()((((((()
()))(()((())(())(())(()((()))(())))())))())))(((
)))()(()))))))(((
)()))()())((()()(()(()()()())(
(()))()(()()))()()(((((((())))()(()())(()())())
(()(())(()(()))))())))()((()
()((())))())))())(((((((()))()()()((
)(((()()(()))(())))())()())()
((((()()))()((()(((()())()(
))))(
(()
)()))))()))))())))()))
(()))()()((()))))((()(((
))))(()))))))())()((()()())()
()(((())())))()((((((((()))(()
)
))(((
)))())(()()()()))))(())(((((()))((((())()))(()))(
)(()())))(()((((((((()())()
(()))))()(()()))))()((())(())))(())()())
)())())()))((())()(((((()))))((()
)()((()())(()))()
)())((((
)(())(()())()((())()(((((()
)(())()))))))((()))(
())(())((())(()))))(((())))(
(()())(())(()))(()())(((()()
)
))())(())())))(()))))(()))((())()))
)))(
)()((())(((
)())(()(()
()(()((())()((())(()))(()
()())(((()))))((())))()())(())()()()))())()
(((()())(()())))()((((((()(()()(())()))(()(()
)))))()(()()()))())(()()()(()))))())))))((
(())()(()()))((())))())()(()))))(()(()((())()
)))(((
)((((()()((((())))))())))(())())))())
))(((((((()))()())(()()()(()((
)))(()))()()))
((()(
(())
((())(()(()
)))())()))))()())()((())()((()()(())((())(
((()))))()())(()(())()((
(())())(()((())((()((((()(()))
(()((()()))(
))))(((((((())))))(()()((()((((((((()()(
)())()())())))((((()((()()))(()(
)((()))(()
))()))(((()()))((
())()()())()((()((()((())))))
(((())((()()(())((())()((()())))()))((()))
)(()()()()((((
(()))))()()))))(()()(()(())(((()
)((()(()(())))((()()(())((
()(((())))))())((((())(()(()))()((())(()(()
((())((()((()
))))(((()()(((())())(()))()))))())()((
()
))()())((())))()())())(()()(()((()
)(((((())())))(()(()
))())((()))((((()))))
(((())))()()))()(()()(()(()(
)())((()(()()(()))
((((()((())))))(()((
())
)((()))()))))((
(((((
)(()()()((((()(())(())(((()))()())))))))((()(((
((()))())()()(()())))())()())
(()()(()(())(()()
())()))()()()()()())()()((())))))(())((
))))()))(()((())(())((())(()()(())(((()
))((((((
)
((())())))))()()))(()(()()((()(((()(((())()((()
))))()())()()))())())
))()(())())))))()(()()(())(()((
()((()(()(())())(()()(()()(
())()()))()(()())())())()())(()(()(()()())
))
)(()(()))))(()))()((()((()(()))()))((((((()))((
)))(()
())((((())))))()))()(()))(()()())))()(()))()))(()
()(()(()))))))()))((((((
((((())()()(()())(((()(
(()((()(()(())())((())()(()))))))()(()(((())))(
)(((()(())((
))))))()()
))(((((((()())()))(((())))))))((()))()
(((()((()(()((((((())()()))))))())(()(
))()()()))))()(()()(((((()()())()(
)))())()((()((()(((((()))(()(()((()())()(()()))
()()()(((())((()()((()((()((((
()((())(())())
))(())())()()(())))((()(()(()()))((((
()))))((((
((()()())
(((((((()(()))((()()()(())))(()())((()(())(((((
)())(())))()))))))()(()((())())())()()()(()
)
(()))()(((())())(()(((
(()
)
(((((()
)()
))(()(()(()(
((()((((((((())))((())()()(
)()))))()(()()())())()(()))(()()
))()))())(()()()(()((((()()))())(()(()())())((
)))(()(())((()(()
))))(()()(())))(())(()(((()(()()(())(())(()
))))((())()())())()
()(()(())))(())
)((())))))(((()(()()()()())(())
(()()))))(
(())(()))()((((()))(())(
(((((())(((()()))()((())))()))()(((
())(()))())))(()()()())(())()))(()))
(()))()(()())(()())((()())()(
())(((()((
)(()(()(())
((((((()()()))))()(((())()(()((()))(()())()((
))((())
((()(())(()())()()))(()(()))()()()
(())))()(()(()()(())))((()(()))(())((((
)()()()()(())()(()))(()))))(()((())((())((()
()(())()()(()()(()()()))()))))
)))(()((
()(((()()))(
)))(())))(((())(((()(
)((()())))()(())(()()))()(
))(()())))
))((
)()()))))(())))()(((()))
)(()))((())))()(((()))()(()(((((())))(())())((()()
)(((()()()()()))()()(())((()))
)()((())())())
(())((()()(())(
)())(
(((()
)()())())(()((()))))))()()()((()()())()()((
(()()(()((()
())(()()))(()()
)()((((()((())((())
)
((((()()(()())((())()(()))())()
)))((()())(()()()()(())((((())((((()
()(())()))))(((
))(()))(())())()(()()())()))))))()(((
(()))(()
)()(
(()()())()))())(()(()()))()((
))()))
(()()()))()()()()(()))())()((((())()))))()
()((
)))((((()))(())())()))))()))
()((((((()))))))(()(()()((((()(())(()
)(()())()()()(()))))((((((()(()))((()(()
(()())()())
((
(()()(((()()((()))(()(())())(())((())())(
(()(())((()()((()())())((((()(
(())((()())(()(((()()))(())()))()
))(((()))((()())())(((()()
(((()()(((((()))))))
)((()(()()()()((
()((((()())(())()()(()))))))(
())())(()))(()))
))(())))((((()(()())(((()))))()))((
(()())((()(()))()))())()()(()))()()(())
)))(((
()())((()))))()))(((())))))((()(()(())
()(()
)()
()((()))(()))((()()
)))()())((((()((
())(((((()((())((())()))()()(())
)(
((())((()()()(
)(()())(())((
))(
)()((((()))(()()()()()((
()((()())()()
()))(((()(())(()(()))()()))((
()))())((()))))))))()(
))((()))()(((())(())()))
))(())))(())((()())()())(((()(()((((()))))()
)()())))
()())(
()))))))))))()(()()))(((((((()))())()))())
)())()(((()())(()))))(((())())())
((()()((()()(()))())(()(((()))(()
(((((((()()(())())()((()()))))(())(()()()(
(()(((()(()))))()))(((
))()()))(())()()()(())(()()))
))
)((()))(()((((()()()())
(())())()(())()()))(()()))(()))))(
()()((()()((())()))()()(()(((())))())()))()((
)(()(())))(())())))(()())))))())))))(()
())()))))))))(())
()()())(((((((((())(()(((((()((((()()(())
(((((()((()())())()((((()()(())()(()(
()))()))()))(()
)(((()())(())))((()))())()))()(()))())))())(
()())())()())((()())))
)()((())((()))())()()(((()(
()))))()()()(())))(())())(())())))((
()((()))((())(()()())(())
)((((()
))((()(()())()())))
)(
()(())((()((()(
)))())())(()(()
)))(()))(()((()(()))(())((()
())(
())
((())))(()((())))(()()(()()))()()((
)))))()(((((()((()()(()()))()))(()(()())
(((
(())())(()((((())))()(()()()()((()())()())(((())(
)(())))())))))())
()
())()()))(((((()(((((((()())()()(()(()))((()
)(()()()()())()()))))))((
(()((()(()))))))()))())((()(())(((())(
(())))))())))((((()))
()((()(()))()))))))))))()))))((((
()()((())(()()())())(()())(()()())())(((())
)(()()()())(((()(()())))((((((((
(()))()(()()(()()()(((((()(())(())
)()()(())))((())())))(((()(()()()(
(()()()(()(((((
(
()(()(())(()()))(())
())(()))))))))())()))))
(()()())())))())))))()))((()()(((())
)())()()))))(())()(()())())
(()(())(()(())()()()()((
())))(())))(((())(((((
)(()(()(((())()()))())()()()(()(
()()
))())()())())(()()))((()))()
(())))()(()()))())))(((()()(())((()(()())((((())
)()((()))))()
(((()()()()(())())()()))(((())()((((()
)((((()((()()())())(()()())(((())(
))()(((())()()()))()())(((
)((()))(
)(((
()))))())))(()()()((()()()
(()((((()))))()()()))())((()())))()(()()(
)((()((())(()()(())))
()(()()))((()(())(((()(()(()(()()))())
)()())()
)))()
(())())()((()))()())))()
)))))(()))()
()))(())()()((()())()()(
)((()()()((()(())()(())())(())))
()))((()()))(()))
()())
(((((())(()()()()()(()(())())))()(
))(((((()))()())(((())
((((((()))())())))(()
(((())(((
())))()))())))))()((())(((()(())))()())()()
))()()(()
)()()(()(((()))))()(()()((()())))())))
)))(
())((((((()((()(()())))(((()))()()))))(())((()
))()(())))(
)(()()))(()()((()())()((()()(())()()()((
()(()
))))))(((()))())()())((()))))()((()()())))()((()
)(((()()()))()()(()((())()(())()()())(
))(
(()))(()())(())
))))))()()()(())()((())()))))))(()))))()(())()()((
)()))(())))((()))()(()))))))()(()(((()))
(((())))))((((()(
)))(())())())(()(())
)(((()))((((()(())))))()))())
(())(((((()())(()))))((((((()))(())))
()()((
)()(()))(())(((())))((
)
((()))((()))()())(()))(()))(()(())))
))(()((()(()(()())(()))()))())))
)((()(()((
))()(()()))))))))((()(()()()(
())(()()())((((((()))()(()
(((()(
(((())()(()
))())
()))))()()))))())(()))()
(((())()()(((
())()((((()(())(()()(()()
())(()(((())))()(((((
(())(()))()
((())(())(()(
()()((
()()))())()((
)())()())(()()())))
))()
(()()())(()(())(((())((())(((()((()())))
))()((()()()()))(((()()))))
)((((())()))))()(()))))
))))()()((())
))()()))(()))()
)()))((())))))))((()(()))))))(((()))((()()
)()))))())())()))())(
))()(
())))()(())))
)(()))(((()()))())
((()())
()))(()(())))))()((()())()(()))((()()()))())))
())((()())())))))(()(()((((())((())))))()))
))()(((()()(()())()((()(())))()())((()())))))((()
))()((())))((((
(())()))()
))()()))(((()))())((()
(()((())))
(()()())()))(((())()(((()())()))
((())()))(()))(()())
(((()(()))((((())())))()())(()))())())()(((()())(
(((()(()((()
()))()()))()))))))(((()()((((
)()
))(()))))()())())((((()))(((())()()()
))((())()
)(
))())())())()())()())))(()(((()(()()())))
(()(()))(((())(((((((((((()())(()((()))(()()(((((
()(()((()(()))()(())
())))))()()))(((()))(()
)))((()(((())(((()(()))()()())(((()))()((((((()()
()(((()())(((()))()()))((()()()()()()())()()((
()()))(()(())((())())))())(((((()()())(((()(()(
(())((()(()((())()((((((((
()(()))())(())))()))(()()()))())())())
()()(()))((((((((()()())()))(((())()))
(())))()((()())))())(())))()))(()))((()(()(
)))(())))(()(((()
))()())))(())))(()))())(()())))())(()))((((((()))
))(()))((
))))((()((()(()())(()(())())()(()
((()())
)()(()()))((()))))()))(()()()
)))((())))))()(())))())(()(((
(((((()())(()))(()(())()))((())(()))())((((
)()(()()()()(()))(((((()()())((()((((()(((((()(((
())))(()(()((
))(()((()(())(()))(()()((())())((((()))
)))((()(()()(()((()()))((((())()())(((
(((()(())(((((()))())((((()(()
))(()(())()((()(()((())()()))()()(((
))))))(()())))((
())
(()))()()((()))
1936
6
78 36 50 47 90 3 
12 54 18 73 46 95 
25 94 17 96 91 100 
53 30 30 15 62 83 
20 59 9 93 85 44 
96 44 45 62 29 4 
54 37 80 74 1 71 
50 60 95 92 72 39 
35 13 93 12 84 92 
29 90 68 96 21 54 
17 28 76 22 90 54 
34 25 3 0 94 64 
91 37 41 60 84 89 
15 86 12 44 17 6 
4 92 3 17 34 46 
38 83 10 84 72 2 
55 35 42 31 34 3 
61 33 48 90 28 74 
49 41 17 93 48 17 
72 72 97 56 45 90 
75 71 16 28 2 45 
85 87 14 64 91 55 
3 99 44 62 5 51 
74 45 46 33 35 30 
13 56 3 81 18 57 
33 95 80 53 73 85 
5 87 84 25 73 4 
94 54 50 69 93 12 
41 94 82 72 59 25 
73 89 3 66 39 34 
86 89 18 72 59 69 
48 48 59 61 33 15 
33 52 38 80 91 35 
45 36 44 47 96 67 
50 48 23 23 60 34 
23 34 69 72 61 3 
4 87 49 1 62 32 
65 10 50 16 98 49 
30 42 46 59 52 94 
70 43 33 11 9 54 
45 90 0 40 26 43 
0 47 85 9 84 36 
79 77 72 100 36 91 
79 8 58 53 83 58 
84 96 27 29 18 54 
83 79 74 76 32 30 
76 92 11 11 88 8 
5 47 13 62 28 14 
50 51 94 29 62 91 
2 71 49 18 19 49 
38 79 40 44 8 30 
31 93 59 40 52 92 
46 19 99 33 2 53 
10 98 26 83 87 13 
90 91 50 82 94 24 
54 52 29 99 94 1 
3 75 77 8 75 60 
13 36 53 35 4 13 
74 93 50 56 46 30 
77 26 63 60 97 48 
25 6 31 86 97 52 
31 15 63 5 82 1 
14 35 3 52 27 6 
15 21 58 52 43 27 
39 60 67 30 87 76 
1 60 93 96 29 33 
56 33 48 17 40 2 
9 86 52 15 63 69 
36 86 69 80 51 94 
99 83 55 86 83 25 
17 88 79 1 35 67 
82 23 27 85 1 8 
56 94 41 29 59 68 
44 30 64 62 19 0 
20 57 3 79 79 57 
4 54 43 48 12 46 
29 15 91 8 98 82 
90 2 99 48 73 53 
84 68 44 42 66 8 
8 97 69 7 74 85 
73 17 18 2 19 5 
9 94 66 88 67 72 
90 91 48 99 48 0 
77 8 35 71 7 58 
61 23 41 65 60 18 
15 99 5 42 44 86 
61 2 45 16 59 31 
12 30 24 28 44 22 
79 11 72 27 1 90 
46 67 87 74 95 44 
31 76 100 33 54 49 
22 39 60 41 94 90 
92 62 60 20 57 50 
36 14 78 35 98 25 
72 92 100 27 91 66 
12 73 41 60 70 100 
73 91 4 44 97 63 
89 25 30 25 56 71 
43 16 14 65 45 6 
31 43 32 48 18 56 
72 81 100 60 75 100 
19 70 7 80 32 12 
36 83 47 24 65 99 
83 33 60 55 10 94 
42 48 24 47 16 74 
63 53 71 25 15 78 
52 73 2 54 27 3 
87 97 12 78 0 8 
7 42 58 98 22 38 
62 99 89 49 6 67 
13 44 88 33 34 31 
30 74 85 24 22 64 
82 40 59 53 32 73 
42 31 8 57 8 81 
46 86 8 8 49 93 
10 43 7 65 49 54 
21 34 69 4 16 41 
36 19 92 11 34 14 
83 87 91 90 48 69 
3 71 35 88 7 48 
100 19 6 62 22 6 
15 71 70 67 38 11 
68 78 26 100 33 50 
13 48 29 49 74 87 
14 20 4 40 72 51 
31 59 55 25 15 40 
26 65 9 72 33 45 
4 65 23 29 43 80 
73 52 41 28 30 71 
100 35 78 50 49 40 
21 88 87 83 4 52 
38 100 11 32 84 85 
19 79 31 12 19 77 
100 64 78 99 7 92 
9 5 38 15 31 93 
65 37 0 45 100 4 
89 77 65 100 25 15 
71 71 24 92 68 70 
11 73 59 2 41 85 
84 0 63 42 20 24 
2 88 8 8 69 13 
72 71 14 18 9 69 
7 53 66 12 88 57 
95 40 30 76 100 80 
85 48 49 31 11 50 
52 66 60 76 92 28 
87 90 2 2 54 29 
21 16 14 68 75 97 
62 51 56 69 54 26 
17 64 88 75 0 5 
14 76 48 19 53 38 
28 61 77 23 61 76 
95 33 43 74 52 58 
4 19 40 47 91 13 
94 47 76 50 40 13 
0 76 100 94 63 78 
51 82 38 99 32 25 
13 18 65 80 82 41 
79 97 76 61 49 88 
42 17 28 60 48 77 
19 78 97 6 43 36 
73 3 37 56 66 73 
26 51 52 77 17 74 
86 46 93 19 80 8 
39 30 26 66 23 20 
59 0 72 94 0 24 
83 36 47 73 14 57 
43 29 76 79 69 65 
79 11 34 59 37 51 
93 95 9 84 56 72 
45 6 69 10 48 20 
46 67 65 47 5 89 
61 78 58 100 72 18 
7 43 15 44 27 6 
49 31 38 7 28 80 
12 69 6 67 20 18 
26 94 10 89 89 22 
98 84 19 61 12 13 
45 32 29 22 63 78 
3 91 34 7 97 54 
63 31 29 47 32 60 
45 98 87 100 20 24 
56 13 81 98 22 32 
73 74 71 46 56 96 
17 100 36 60 61 95 
71 3 94 30 67 60 
20 29 96 82 48 6 
55 69 85 11 3 95 
29 14 80 40 38 89 
67 53 0 96 91 31 
67 59 82 29 24 54 
32 78 83 69 15 79 
23 92 85 45 32 16 
12 13 61 44 38 73 
51 15 16 65 78 45 
11 31 54 53 98 63 
2 82 27 100 77 72 
79 29 41 39 60 64 
77 46 76 27 58 14 
57 45 91 27 9 47 
86 15 95 95 51 72 
59 25 87 80 43 65 
0 100 13 32 24 28 
100 10 71 42 80 63 
92 55 77 25 71 14 
32 79 6 0 8 46 
86 71 11 19 34 84 
73 50 45 72 49 63 
13 39 32 12 54 55 
11 22 29 69 12 96 
19 27 84 73 13 34 
73 15 70 53 61 71 
44 89 83 84 11 32 
31 98 27 52 40 53 
24 9 50 68 52 72 
28 24 80 40 42 34 
21 55 37 4 40 10 
96 50 86 59 77 34 
5 62 4 95 6 59 
57 27 74 60 42 63 
58 96 91 89 79 69 
49 16 6 85 15 15 
48 92 9 67 91 82 
33 90 21 32 39 98 
81 91 1 20 94 90 
56 12 81 44 22 2 
2 77 17 93 19 31 
69 55 4 12 4 63 
39 32 21 70 25 72 
17 74 0 46 100 91 
36 20 43 12 20 16 
82 13 13 7 62 90 
37 12 36 60 59 22 
40 26 77 40 89 33 
15 59 19 65 92 1 
12 29 3 49 62 82 
47 86 68 89 81 66 
91 20 15 85 54 93 
46 94 38 48 30 55 
6 3 84 90 54 60 
55 98 30 43 86 25 
43 84 58 72 73 80 
83 97 93 85 65 61 
43 52 29 10 96 90 
41 31 11 0 44 44 
45 3 34 85 84 15 
46 24 53 42 81 10 
94 49 48 65 34 63 
43 6 6 8 0 33 
79 3 30 36 23 13 
88 8 99 25 13 56 
19 66 88 12 41 24 
97 9 100 54 84 40 
65 51 14 23 45 40 
6 30 52 39 23 75 
68 45 67 29 99 60 
99 99 86 93 84 39 
24 48 59 16 29 78 
65 15 40 78 95 3 
49 66 3 97 64 44 
26 34 15 0 71 50 
90 52 94 82 35 62 
84 17 50 27 47 10 
56 31 23 41 14 70 
92 53 46 53 87 5 
20 25 93 17 79 47 
86 51 42 69 2 74 
4 45 22 74 64 5 
10 93 84 71 92 36 
14 9 93 84 47 91 
87 64 2 41 87 57 
54 34 19 44 29 31 
64 31 67 77 96 89 
29 56 54 49 73 95 
50 6 76 51 40 32 
52 21 76 98 73 85 
85 36 90 93 79 19 
42 38 30 29 9 28 
75 81 2 39 70 99 
59 65 86 4 73 36 
32 80 64 62 23 54 
34 67 43 19 51 58 
87 40 4 1 95 80 
45 67 74 64 61 45 
5 40 21 4 24 72 
67 87 42 95 74 77 
78 16 2 88 11 60 
45 52 85 53 55 35 
14 85 95 29 10 87 
76 0 83 44 63 30 
86 69 90 66 66 4 
53 17 92 93 30 20 
98 66 45 89 52 65 
66 75 78 99 40 73 
72 45 84 22 15 90 
75 28 64 10 10 55 
65 71 55 4 56 51 
56 99 81 77 71 24 
82 39 92 24 3 10 
33 16 8 35 67 30 
21 42 15 44 80 6 
6 27 20 25 78 52 
62 16 10 78 43 66 
82 52 12 81 50 62 
100 62 6 56 31 46 
65 80 52 75 38 41 
82 45 95 46 58 85 
87 84 39 27 74 58 
36 54 32 91 61 95 
5 28 76 93 4 0 
98 69 10 16 88 79 
59 73 97 47 0 16 
23 50 83 59 5 90 
48 34 88 82 60 99 
60 57 55 56 69 18 
51 72 6 52 71 49 
75 6 78 54 51 48 
74 89 12 9 65 31 
50 82 59 48 90 72 
48 9 30 88 71 98 
27 29 75 79 46 22 
39 50 82 25 93 33 
38 56 44 74 21 2 
94 89 90 90 66 11 
70 59 23 69 48 51 
49 33 47 69 38 4 
80 8 24 84 78 51 
42 58 55 93 1 30 
5 4 55 76 88 22 
53 66 9 99 58 75 
33 77 92 64 77 30 
96 96 0 66 78 0 
3 36 66 71 32 61 
30 81 93 18 42 45 
90 98 47 62 25 50 
76 19 95 39 48 93 
26 0 82 59 52 15 
88 92 64 46 57 5 
86 27 2 15 81 100 
74 77 43 60 81 12 
42 49 27 51 3 26 
38 4 74 95 54 75 
25 55 74 40 38 85 
49 13 30 26 21 62 
90 10 65 32 81 54 
86 32 67 85 4 7 
100 18 10 47 29 80 
57 75 68 0 43 56 
18 69 83 9 38 32 
56 14 49 6 12 1 
96 73 37 82 12 79 
57 12 57 27 21 34 
97 38 0 33 22 3 
61 46 59 49 71 17 
66 93 46 93 96 4 
84 72 26 4 39 95 
45 39 37 36 59 56 
90 73 73 69 28 2 
10 66 40 65 49 41 
23 3 86 73 78 57 
44 82 15 52 85 37 
64 41 97 98 27 52 
49 43 78 35 86 37 
42 25 58 94 18 60 
66 14 82 44 40 65 
71 9 68 63 22 56 
40 98 87 96 85 86 
56 14 38 52 72 9 
74 58 74 31 83 33 
3 67 13 73 53 61 
13 67 62 44 94 3 
52 38 94 77 56 32 
72 92 7 7 68 76 
13 12 31 38 3 21 
60 19 93 79 64 45 
91 43 25 34 83 78 
42 20 13 38 49 83 
51 23 24 11 79 42 
6 32 96 8 30 34 
91 63 75 15 26 18 
96 97 56 70 68 86 
68 54 24 29 89 36 
57 69 65 90 27 62 
21 1 33 17 4 30 
21 10 51 63 74 90 
65 13 80 25 70 24 
55 95 51 61 26 45 
45 100 82 46 0 67 
32 31 91 29 16 95 
75 56 3 33 0 63 
39 29 65 42 30 52 
63 36 61 98 85 22 
39 14 91 81 36 62 
76 78 67 72 43 15 
37 81 8 44 40 95 
13 14 75 43 96 40 
47 83 3 48 80 89 
91 13 73 23 54 68 
0 30 87 86 25 68 
67 56 93 45 89 56 
68 35 39 31 2 1 
92 54 31 8 49 94 
46 98 85 69 18 82 
35 3 85 21 65 17 
50 34 38 4 0 48 
49 11 17 41 43 95 
29 23 14 15 73 66 
85 53 72 79 74 91 
33 91 68 74 74 55 
49 79 4 51 44 98 
65 60 96 93 31 17 
11 33 80 66 95 82 
47 100 30 58 86 49 
3 57 79 69 86 31 
80 93 83 70 51 29 
17 87 0 87 27 30 
5 13 50 11 47 22 
87 49 55 57 21 89 
9 35 69 93 73 42 
33 75 76 31 8 14 
80 0 5 64 61 38 
16 93 39 65 59 9 
9 100 53 55 82 37 
26 49 95 100 28 55 
33 99 23 83 84 73 
61 85 35 68 69 51 
12 89 20 58 15 1 
62 16 64 37 56 76 
66 21 42 4 43 30 
99 42 14 80 94 73 
46 62 28 7 91 64 
77 23 80 61 70 77 
53 85 71 54 56 70 
47 95 35 43 34 60 
54 73 94 33 25 26 
96 85 30 56 69 33 
82 14 64 78 24 30 
46 31 82 81 16 78 
21 56 83 19 54 99 
17 42 64 88 93 33 
39 76 74 87 36 87 
10 93 73 2 73 12 
21 0 46 31 4 20 
67 50 85 87 60 67 
24 88 71 11 11 25 
50 69 65 71 61 70 
73 81 65 10 66 83 
23 91 17 53 1 18 
65 3 89 88 19 99 
39 82 33 26 7 60 
49 20 77 97 79 45 
56 33 53 75 60 65 
9 39 61 54 56 16 
50 83 45 70 31 68 
30 47 83 37 61 17 
78 41 20 96 13 78 
16 74 27 59 65 30 
71 90 9 14 49 53 
8 73 12 64 39 9 
18 82 58 87 16 84 
61 49 38 36 97 58 
36 26 35 83 80 88 
64 89 76 72 73 44 
57 48 91 14 59 60 
36 12 80 78 48 9 
48 16 11 76 58 21 
74 38 8 82 56 55 
66 69 24 45 81 21 
6 49 3 38 27 63 
77 18 65 35 49 18 
5 30 96 86 73 97 
79 63 77 96 36 55 
86 82 64 63 12 84 
8 5 70 42 36 32 
15 0 41 55 40 23 
59 87 53 1 48 23 
91 79 37 8 63 80 
5 26 5 17 85 0 
86 4 71 87 76 69 
2 18 99 74 43 30 
92 29 73 60 73 36 
96 68 64 70 2 95 
37 87 87 23 80 70 
38 38 26 91 94 27 
89 33 40 33 26 16 
20 50 14 96 91 46 
41 52 59 46 79 79 
57 64 3 40 11 13 
62 95 5 83 23 24 
67 51 49 13 74 50 
58 17 7 90 80 11 
65 70 31 77 96 59 
81 71 1 100 25 87 
89 84 15 22 80 48 
66 74 78 68 74 13 
81 57 44 51 93 28 
10 13 31 91 84 52 
27 20 25 95 81 22 
2 18 75 94 13 49 
98 84 47 49 48 72 
5 87 37 17 82 65 
35 23 91 100 74 57 
54 89 53 37 25 100 
50 89 82 0 52 78 
2 60 63 2 47 12 
54 88 11 55 99 99 
78 82 11 73 33 4 
55 10 21 97 10 9 
11 49 2 65 21 21 
8 30 68 1 61 6 
72 42 83 5 0 54 
43 70 44 55 68 37 
88 86 32 69 77 65 
3 65 65 82 95 3 
93 42 18 95 75 100 
60 28 45 2 54 15 
98 40 84 77 3 59 
62 6 72 68 8 50 
15 40 65 94 27 50 
19 87 46 16 99 8 
31 74 59 6 5 62 
43 66 14 71 94 56 
50 89 46 58 77 56 
88 22 54 16 24 49 
49 77 0 2 92 36 
81 69 90 49 69 56 
79 71 84 28 65 0 
76 35 2 68 83 53 
14 26 36 53 84 32 
62 4 49 2 97 15 
83 88 97 47 9 19 
77 48 74 8 7 60 
49 64 92 53 66 28 
6 77 4 25 39 32 
86 7 84 5 31 96 
84 17 37 47 46 3 
29 36 94 34 66 79 
53 96 29 89 49 28 
15 44 6 0 19 10 
89 50 23 40 12 17 
89 15 0 95 60 43 
9 72 47 70 92 63 
70 55 83 53 98 89 
34 84 94 50 66 69 
0 38 7 32 48 4 
53 12 23 77 66 37 
27 28 26 74 46 58 
70 12 1 13 92 30 
85 33 34 98 59 15 
12 28 52 24 72 22 
4 58 31 75 36 40 
47 76 20 46 40 56 
45 60 70 55 18 29 
73 71 0 37 83 16 
90 6 42 66 84 6 
71 60 84 92 83 100 
53 43 70 31 96 51 
26 13 43 36 47 48 
58 23 39 62 82 20 
16 6 81 57 51 58 
30 40 31 68 48 31 
99 44 81 68 18 9 
63 33 63 95 28 89 
76 83 56 17 67 21 
35 96 46 57 20 24 
62 80 91 50 33 23 
21 33 72 6 73 92 
54 88 43 54 3 83 
4 55 27 29 9 52 
70 53 22 74 56 6 
84 85 94 50 34 60 
58 92 17 16 36 33 
57 94 35 14 98 10 
83 62 37 10 25 39 
28 66 67 19 16 61 
55 98 74 70 30 54 
51 39 97 29 47 17 
73 78 94 1 75 85 
26 67 55 47 20 10 
91 80 90 68 55 27 
32 11 19 30 75 62 
22 87 60 39 16 35 
32 66 34 42 23 60 
0 53 82 74 4 47 
24 19 91 100 10 24 
15 21 56 32 100 67 
96 19 25 34 64 6 
93 71 25 12 75 75 
59 7 12 55 65 6 
17 89 17 95 36 94 
12 57 1 76 64 31 
76 2 5 2 21 73 
34 17 82 51 81 5 
56 55 100 64 70 5 
75 64 80 4 46 47 
66 21 97 0 76 25 
18 65 43 17 36 47 
79 47 6 5 88 1 
84 87 42 10 100 16 
46 18 25 70 15 0 
42 68 16 100 20 93 
95 86 19 2 32 27 
74 24 51 24 57 81 
32 43 99 33 34 45 
84 11 0 18 75 87 
62 69 54 35 28 25 
100 0 97 23 92 31 
56 82 93 77 49 12 
88 4 30 74 59 77 
97 2 66 60 28 3 
37 94 89 87 15 24 
73 41 24 64 42 25 
3 52 80 60 54 86 
77 16 19 64 100 4 
9 35 84 65 18 94 
83 22 96 12 92 34 
61 84 17 41 96 33 
90 0 29 47 73 19 
70 85 1 55 86 33 
17 78 22 6 73 14 
5 5 94 14 47 6 
55 58 100 93 78 19 
100 29 70 86 23 27 
95 47 47 40 64 79 
35 66 9 19 5 26 
91 9 69 3 49 63 
10 81 3 54 27 14 
91 58 68 18 18 22 
4 37 34 11 24 29 
33 18 62 0 32 21 
0 85 1 14 67 88 
40 35 80 89 1 19 
34 81 50 99 59 97 
13 10 29 69 63 71 
9 19 87 91 56 51 
62 66 56 30 19 12 
93 100 37 56 96 5 
77 69 93 28 47 63 
50 98 71 62 83 48 
89 33 68 81 23 89 
95 36 94 92 77 90 
19 46 80 3 67 94 
98 35 47 89 59 32 
93 15 5 11 44 4 
71 21 19 39 75 18 
93 13 69 70 82 82 
21 63 33 32 64 35 
8 85 17 81 79 94 
71 15 58 38 30 24 
25 25 53 86 58 70 
61 92 13 41 64 66 
47 25 29 10 76 47 
11 85 77 20 9 48 
71 19 5 42 28 92 
78 34 31 5 86 82 
6 3 7 69 40 15 
21 44 73 1 90 9 
87 0 59 72 32 89 
7 31 76 93 34 31 
72 84 45 2 90 67 
18 40 10 40 96 98 
12 100 11 51 66 24 
37 38 38 67 71 35 
59 22 53 94 61 19 
91 67 22 58 57 74 
30 89 78 8 70 63 
0 49 80 0 86 82 
88 86 88 29 22 98 
89 57 85 62 7 43 
98 59 55 89 73 31 
71 91 45 70 0 38 
78 13 70 19 56 58 
80 56 49 55 26 28 
38 74 50 84 49 72 
59 95 61 81 88 86 
51 36 31 71 18 75 
1 60 58 62 17 33 
32 14 88 75 93 40 
81 71 59 4 78 11 
25 8 1 81 6 73 
45 37 11 62 60 79 
36 41 15 76 59 71 
44 18 67 13 81 84 
93 64 46 69 91 67 
48 79 26 60 62 21 
17 72 65 51 45 16 
28 30 45 77 94 37 
27 90 20 99 8 100 
78 81 86 72 31 33 
92 40 58 29 45 88 
26 23 0 17 98 2 
51 78 75 97 64 60 
97 31 0 82 55 18 
70 10 56 87 28 28 
3 55 2 63 23 35 
60 67 96 51 76 45 
9 87 34 64 100 89 
65 66 72 12 79 34 
5 72 78 28 31 40 
76 78 17 23 89 77 
57 11 34 100 14 67 
63 22 76 45 54 75 
96 41 89 99 89 19 
27 87 36 24 7 52 
0 23 98 15 30 36 
0 34 78 35 53 35 
2 47 21 16 31 74 
96 3 90 86 86 57 
69 15 52 15 12 23 
87 34 8 97 8 51 
34 25 70 76 41 45 
93 60 18 2 87 96 
90 67 96 3 9 27 
9 93 98 98 27 24 
51 56 9 26 49 58 
64 40 3 31 60 12 
42 7 91 27 82 30 
46 92 98 97 17 31 
98 35 33 65 8 24 
41 34 68 29 25 85 
30 55 98 79 33 92 
27 57 17 92 87 42 
76 61 18 55 34 92 
50 10 67 70 18 70 
40 70 64 20 90 70 
77 40 53 22 38 20 
65 24 19 69 76 9 
50 44 86 39 28 56 
97 54 31 0 38 100 
28 15 87 85 26 51 
81 36 55 88 41 12 
45 88 1 48 100 43 
8 45 53 42 24 5 
47 54 39 99 41 64 
75 25 2 18 37 85 
98 57 18 57 16 92 
66 70 87 45 22 7 
60 63 98 67 3 73 
2 53 21 77 78 16 
30 39 19 30 1 18 
28 18 43 69 80 30 
45 100 75 32 85 63 
32 39 87 32 43 81 
77 23 91 70 60 17 
95 96 21 57 49 27 
3 95 6 4 47 78 
55 95 35 5 0 15 
21 78 38 47 39 72 
34 19 44 20 67 4 
66 68 19 22 59 6 
88 69 60 46 20 94 
82 55 16 6 98 15 
51 16 73 26 10 66 
23 51 46 24 30 31 
80 12 98 42 26 89 
47 31 33 9 86 50 
33 33 0 90 98 87 
70 51 65 52 84 77 
98 84 76 13 69 55 
68 88 26 13 94 84 
56 31 86 70 89 35 
89 60 69 77 11 34 
6 15 58 0 10 90 
96 51 60 100 75 59 
20 74 53 63 86 10 
17 93 61 92 22 6 
1 77 22 99 76 59 
27 4 94 21 10 57 
12 39 67 8 80 41 
18 74 21 72 38 58 
31 13 58 54 2 5 
44 22 86 72 16 70 
37 64 34 86 77 35 
31 32 36 61 21 41 
59 25 84 94 30 59 
34 58 64 40 20 35 
66 82 0 0 49 86 
74 4 100 66 97 95 
8 10 10 33 97 90 
95 97 84 10 16 50 
63 37 69 46 78 22 
66 45 21 62 7 43 
49 33 16 78 81 89 
99 28 26 35 56 77 
93 85 87 100 67 46 
36 56 2 70 72 96 
46 54 75 87 41 36 
52 94 85 37 99 75 
88 20 17 79 15 90 
48 45 0 16 40 93 
15 43 60 51 31 33 
2 89 83 74 53 37 
71 75 40 7 56 88 
22 40 79 92 51 40 
2 1 62 22 46 19 
10 77 17 31 67 72 
22 22 68 41 35 96 
8 95 27 96 1 94 
53 62 11 71 2 86 
31 95 31 25 99 67 
49 67 74 10 94 6 
41 69 45 24 93 42 
52 44 28 46 18 35 
62 24 6 34 37 95 
55 47 27 38 35 75 
64 9 24 77 46 42 
37 38 92 26 81 16 
53 40 81 64 92 66 
68 40 69 48 86 66 
13 3 80 95 72 23 
74 52 97 61 97 49 
45 31 8 85 85 45 
12 28 22 72 18 19 
88 4 12 71 45 0 
58 75 41 83 81 84 
22 26 83 48 6 62 
82 76 77 88 71 85 
87 65 2 72 83 28 
7 71 62 86 80 10 
0 66 33 9 10 55 
18 9 45 36 16 13 
48 65 6 15 14 98 
44 85 69 62 6 25 
81 47 43 78 3 96 
43 13 91 34 46 2 
5 64 22 66 60 52 
12 19 20 50 55 42 
72 27 47 17 39 52 
33 18 22 65 21 97 
8 5 7 6 53 52 
22 1 43 98 97 38 
54 70 30 1 84 8 
90 95 47 39 68 63 
72 91 4 6 81 89 
83 52 19 16 44 9 
38 21 47 9 50 94 
25 50 16 71 31 15 
84 81 24 92 49 8 
68 96 88 48 24 66 
93 81 60 84 11 38 
11 4 75 28 60 8 
24 62 9 81 4 46 
65 37 95 96 17 81 
89 71 1 11 98 79 
6 82 2 93 93 63 
58 87 44 79 62 90 
53 63 32 55 3 70 
1 86 34 71 60 53 
85 8 50 79 21 57 
94 39 19 95 32 86 
70 58 51 97 86 65 
97 89 8 97 37 84 
83 87 49 35 38 88 
51 0 95 80 62 28 
2 29 62 92 42 24 
26 15 64 18 93 37 
40 54 39 44 40 90 
63 2 90 50 11 91 
62 52 100 82 93 26 
80 45 100 4 21 87 
74 26 20 52 81 10 
78 3 43 98 53 68 
52 7 15 97 84 78 
88 65 53 80 46 67 
30 38 52 49 27 28 
72 23 26 24 12 38 
85 12 63 41 64 77 
87 19 19 56 0 87 
5 58 54 80 18 53 
24 74 77 19 28 74 
3 28 56 55 34 5 
47 77 31 23 12 69 
8 28 16 76 70 27 
19 86 29 83 6 49 
33 76 36 25 73 16 
75 25 87 4 41 8 
30 52 91 0 47 53 
100 34 60 52 16 78 
56 30 37 10 91 74 
11 34 34 76 72 96 
52 67 26 15 70 89 
70 67 5 44 38 91 
14 99 24 98 61 29 
3 38 63 46 36 96 
8 17 34 15 67 62 
41 91 95 36 100 65 
76 41 81 71 49 0 
63 80 75 56 83 21 
91 26 28 10 87 70 
40 70 93 95 25 84 
21 4 63 79 76 84 
48 39 79 28 25 98 
52 6 36 18 36 89 
46 89 91 66 61 76 
88 40 86 25 29 53 
46 18 77 46 79 70 
64 9 68 83 44 55 
27 84 56 68 89 67 
81 21 84 15 37 30 
4 25 33 58 15 95 
6 4 89 73 39 7 
98 88 6 44 25 78 
47 64 69 99 14 17 
4 35 22 46 84 37 
78 32 36 86 34 83 
48 27 55 91 84 42 
37 60 97 39 99 51 
76 80 3 75 45 17 
10 38 17 77 66 82 
46 23 94 38 47 65 
52 65 61 29 37 86 
79 87 12 55 70 63 
99 51 16 90 6 44 
44 56 27 55 33 100 
10 72 69 35 78 15 
6 45 58 28 67 46 
33 69 70 51 70 40 
23 22 46 45 96 49 
50 82 60 2 38 48 
84 79 8 57 49 60 
44 58 68 77 81 25 
19 66 39 38 12 2 
31 79 54 10 5 1 
50 27 94 72 91 66 
58 77 51 17 29 14 
75 1 90 73 32 82 
82 60 36 66 54 97 
59 41 69 21 65 9 
11 99 1 98 3 100 
60 16 92 81 49 76 
60 79 79 90 64 60 
51 80 28 68 0 25 
7 86 86 53 29 94 
52 91 60 93 15 3 
60 84 37 99 9 11 
45 48 14 15 13 17 
15 45 68 15 30 91 
67 21 83 56 74 29 
24 25 11 69 30 16 
84 45 65 43 55 95 
48 3 68 59 50 59 
12 34 100 5 94 53 
9 7 75 15 39 56 
23 92 71 73 35 4 
67 84 25 6 6 73 
4 77 37 53 77 44 
22 75 46 11 74 43 
79 78 72 86 49 36 
30 61 55 22 76 40 
49 27 64 27 30 98 
94 95 90 15 93 45 
4 9 3 79 27 64 
65 14 88 34 41 71 
0 19 81 4 18 39 
83 62 87 42 41 87 
51 77 2 65 52 4 
8 64 29 1 50 31 
64 4 12 66 93 11 
58 60 41 100 31 35 
62 20 27 80 63 75 
79 21 50 17 44 21 
3 56 6 91 41 14 
76 63 85 61 55 95 
28 65 65 65 34 58 
50 69 2 16 55 37 
87 34 27 46 83 22 
61 39 16 75 79 64 
75 4 75 42 44 83 
42 70 11 33 1 62 
52 67 61 20 14 61 
40 70 96 39 24 23 
64 48 99 24 83 93 
8 98 0 95 19 53 
65 76 72 78 91 96 
42 39 4 35 97 93 
89 78 27 21 18 29 
30 68 100 59 45 65 
71 75 29 68 76 10 
52 79 59 68 69 67 
87 53 93 13 35 39 
43 34 48 54 12 84 
98 50 10 33 94 83 
42 38 0 19 11 46 
48 9 24 80 70 73 
70 31 22 5 56 48 
2 81 75 75 60 4 
81 13 55 73 31 5 
68 11 31 85 41 51 
33 67 59 28 8 25 
93 56 22 2 52 26 
32 11 63 41 99 28 
62 23 35 18 76 57 
39 8 97 91 76 12 
38 71 30 52 2 20 
61 24 19 90 46 22 
43 81 86 46 20 47 
69 19 33 74 28 87 
47 34 22 18 53 29 
90 88 56 41 36 1 
81 39 90 55 33 38 
21 53 48 56 59 8 
83 71 11 99 20 31 
26 66 16 51 45 48 
70 95 22 99 99 4 
63 23 85 19 32 6 
23 94 29 45 92 55 
88 72 88 42 37 11 
31 37 33 81 13 50 
30 59 34 96 71 42 
6 26 20 48 51 61 
38 33 67 41 33 73 
49 85 97 4 18 18 
74 79 70 28 67 99 
71 60 8 86 82 2 
50 55 73 95 25 60 
98 30 57 15 20 67 
88 4 60 25 13 78 
96 97 57 39 4 71 
35 61 56 96 67 34 
83 41 7 98 79 61 
17 92 100 86 73 8 
54 98 25 45 10 9 
86 81 73 94 61 42 
2 34 84 53 51 49 
2 3 9 4 90 84 
91 19 37 57 64 46 
4 64 21 8 68 99 
74 1 71 58 58 81 
97 97 5 81 45 20 
90 14 44 32 28 60 
58 8 91 52 88 91 
46 39 17 23 29 44 
29 20 95 39 21 37 
35 27 80 2 1 86 
0 74 96 99 6 7 
53 11 36 18 94 4 
24 21 77 83 29 59 
17 91 100 50 98 17 
95 17 61 93 98 5 
100 88 12 43 32 41 
68 73 34 27 96 37 
98 81 14 85 89 59 
84 38 65 51 13 79 
6 44 2 70 66 14 
14 87 15 75 10 30 
83 50 53 74 54 0 
25 81 85 65 13 70 
5 99 9 54 63 94 
42 30 69 28 34 15 
87 69 84 35 39 49 
54 51 54 91 27 1 
61 52 62 28 41 43 
1 32 2 24 44 75 
72 46 95 30 23 33 
73 30 63 45 55 36 
82 16 72 19 47 32 
22 97 91 53 92 64 
40 79 63 24 40 67 
31 38 69 57 51 62 
23 60 17 34 83 100 
84 76 41 24 100 2 
34 86 82 98 41 3 
94 91 40 26 11 97 
9 14 24 58 72 61 
38 57 69 92 85 31 
10 58 64 31 34 26 
56 61 38 49 73 38 
0 54 96 71 21 89 
36 47 16 13 21 47 
59 61 48 13 11 34 
30 76 51 26 12 10 
18 8 53 69 96 56 
69 92 86 38 7 55 
19 93 69 52 47 83 
91 45 87 71 16 49 
42 24 93 69 72 32 
70 57 57 97 7 89 
71 53 37 91 21 69 
29 21 9 27 27 88 
22 99 62 87 14 53 
90 89 87 39 43 20 
96 85 64 51 8 91 
15 34 2 41 93 24 
9 79 13 92 98 18 
45 8 58 73 85 8 
73 65 18 93 62 39 
71 80 32 50 33 4 
70 0 40 23 45 22 
90 28 8 58 72 13 
33 4 70 77 76 51 
38 18 10 23 40 62 
49 34 96 61 28 78 
31 34 55 35 80 27 
97 18 21 25 81 67 
95 37 60 56 5 15 
52 97 20 21 100 32 
21 63 83 43 36 62 
82 77 37 80 23 94 
18 48 65 33 82 5 
97 57 8 91 87 83 
8 90 44 87 15 9 
29 6 46 36 68 100 
71 16 78 46 78 76 
0 77 11 100 26 21 
38 23 32 89 66 89 
85 19 11 66 81 65 
97 92 6 46 60 85 
18 6 8 25 25 91 
31 48 63 70 48 55 
19 20 0 27 95 80 
35 53 47 7 64 13 
31 58 52 84 38 14 
86 85 70 89 10 47 
68 25 34 85 89 47 
39 10 31 72 86 25 
12 51 100 53 10 96 
35 1 54 53 72 57 
66 2 70 60 8 69 
11 89 100 77 64 6 
43 16 63 65 93 50 
96 82 21 42 50 93 
28 51 19 49 9 68 
68 64 21 98 49 36 
49 58 72 33 61 78 
97 64 96 16 12 41 
94 11 25 68 82 58 
86 10 39 11 20 44 
40 50 11 98 97 100 
95 35 36 58 82 12 
85 12 28 63 1 44 
54 22 62 11 73 43 
10 12 75 59 53 35 
50 22 47 13 24 71 
8 6 26 8 6 57 
57 89 80 2 57 46 
87 96 18 8 42 6 
99 90 12 72 12 47 
31 43 40 2 0 6 
10 46 63 22 67 96 
14 66 32 67 21 6 
0 85 87 54 53 98 
57 37 73 46 38 23 
92 41 19 27 2 2 
41 64 90 29 83 67 
19 97 98 53 71 84 
26 76 15 51 15 45 
13 83 38 66 88 34 
92 25 53 99 63 90 
92 55 31 43 33 55 
87 81 53 38 37 45 
46 44 53 79 33 8 
15 76 68 71 86 7 
34 25 82 41 59 10 
6 44 46 86 15 87 
21 14 19 22 18 0 
68 70 65 97 54 33 
43 6 10 45 76 64 
0 3 52 64 62 34 
49 90 55 84 73 100 
40 69 30 53 9 86 
10 38 94 67 63 10 
2 12 85 93 34 69 
26 18 35 12 62 79 
14 68 66 81 20 69 
43 76 26 25 33 15 
68 6 73 39 85 97 
70 55 1 86 19 19 
94 78 44 84 21 32 
28 76 44 35 1 6 
18 16 58 32 47 65 
63 79 58 51 18 33 
39 93 70 20 98 84 
82 68 43 39 94 20 
85 36 37 39 35 81 
88 36 76 58 9 17 
60 53 45 59 90 72 
66 63 54 4 28 68 
58 56 1 65 51 33 
43 69 67 11 72 43 
80 45 94 55 22 38 
34 65 49 49 81 96 
79 46 14 3 27 4 
46 94 38 10 20 86 
24 39 21 89 68 58 
24 70 1 91 94 79 
83 91 35 57 23 82 
33 2 90 4 18 24 
8 0 33 62 13 9 
94 97 22 64 20 65 
48 27 60 89 72 8 
83 78 7 84 21 21 
22 6 78 62 75 87 
26 39 60 62 57 44 
68 97 11 24 78 58 
67 82 92 71 9 23 
67 11 6 6 100 79 
72 40 27 38 70 40 
5 37 40 67 36 29 
24 3 84 34 83 78 
76 19 13 75 92 58 
15 37 3 32 3 100 
62 92 18 56 8 24 
5 26 88 25 70 46 
75 47 63 30 91 93 
86 83 66 87 94 44 
17 30 61 77 39 98 
18 79 59 34 11 86 
7 74 23 66 62 14 
14 59 71 9 79 54 
38 57 25 24 51 75 
33 29 41 53 71 62 
73 83 20 57 43 14 
87 62 50 66 6 82 
85 12 7 7 73 78 
70 2 27 91 91 17 
46 76 16 32 19 54 
19 57 25 84 28 91 
59 74 4 79 51 26 
88 44 75 79 73 46 
59 64 3 83 25 29 
49 94 25 88 99 93 
43 74 47 3 92 74 
4 10 61 6 5 15 
6 40 43 19 63 85 
19 46 33 41 24 33 
16 7 1 80 27 77 
1 21 41 1 56 100 
82 86 42 10 89 5 
35 18 94 47 80 57 
49 32 75 68 89 38 
58 0 94 23 24 92 
23 85 4 81 44 51 
63 66 27 40 17 57 
57 80 100 29 52 71 
81 9 58 82 0 40 
19 100 71 43 61 87 
28 47 30 72 22 99 
43 10 6 24 26 33 
68 95 17 84 19 84 
27 57 11 28 81 26 
1 19 61 62 81 33 
5 78 76 13 54 27 
30 87 4 56 40 48 
62 51 81 79 46 95 
9 14 22 62 85 4 
7 86 39 72 0 54 
69 32 66 32 69 73 
93 35 97 48 3 23 
8 25 40 17 89 80 
13 71 75 60 62 28 
47 49 5 97 95 27 
12 61 95 15 26 82 
2 19 49 67 53 45 
75 66 46 97 100 72 
82 78 80 95 30 9 
47 92 59 69 22 33 
5 80 77 21 85 26 
33 72 64 96 48 32 
58 73 38 85 91 11 
11 89 20 86 69 88 
74 82 79 81 50 56 
3 100 85 81 51 20 
2 16 70 79 96 30 
85 35 11 98 90 5 
71 80 77 5 65 80 
45 78 75 77 44 59 
16 92 71 96 66 16 
28 24 94 79 42 40 
95 56 48 46 2 35 
82 15 23 82 23 50 
95 75 14 71 43 84 
82 100 95 87 58 67 
96 55 34 94 2 95 
6 77 0 65 91 64 
77 24 59 81 22 95 
94 45 56 17 37 63 
64 84 37 72 48 95 
7 45 78 80 85 41 
42 7 86 31 53 99 
11 73 41 67 76 12 
25 23 20 93 14 22 
83 33 87 92 68 20 
21 75 22 17 13 31 
47 7 41 46 78 76 
70 78 29 71 39 75 
94 73 57 29 85 85 
31 48 19 40 17 21 
5 9 23 92 43 15 
65 77 86 88 66 17 
54 42 20 86 72 58 
63 36 20 50 45 70 
81 8 13 61 83 68 
89 93 73 74 1 100 
98 87 33 57 87 4 
44 42 31 39 31 9 
11 72 1 58 63 72 
94 55 52 22 96 77 
85 29 50 11 33 98 
67 24 27 36 62 60 
61 6 7 68 40 83 
43 50 13 5 60 60 
42 25 73 82 17 29 
94 77 24 35 71 29 
87 35 57 19 63 95 
22 60 26 78 67 59 
45 93 5 15 90 75 
14 22 24 72 81 74 
47 55 6 96 4 24 
67 48 69 74 98 36 
94 66 54 20 25 47 
9 59 85 6 14 20 
35 25 14 67 80 6 
85 44 60 35 21 5 
41 32 73 56 3 82 
55 44 3 48 96 39 
3 55 29 95 47 15 
41 56 13 94 48 30 
48 62 68 24 45 6 
17 20 19 84 68 30 
88 90 0 75 64 8 
55 54 100 56 78 17 
55 87 78 97 2 95 
75 98 83 64 28 45 
73 69 10 67 11 70 
77 85 55 98 60 27 
30 5 52 41 10 9 
10 22 93 76 35 66 
22 99 45 71 31 81 
16 58 29 46 86 43 
61 64 51 78 88 94 
28 94 66 24 6 68 
20 0 18 43 93 6 
50 58 54 34 78 56 
74 89 6 80 20 21 
38 58 83 57 16 1 
90 3 23 8 64 80 
98 96 66 99 73 95 
95 54 76 0 99 32 
71 11 38 71 21 75 
40 0 41 15 29 27 
63 5 78 20 90 18 
42 47 6 46 50 70 
59 45 88 92 48 14 
87 66 84 3 75 42 
3 55 50 50 14 72 
25 95 29 64 83 65 
14 44 81 10 9 82 
58 33 72 2 51 93 
52 36 65 3 22 33 
100 25 18 47 39 96 
93 71 47 92 53 99 
0 98 29 44 66 66 
55 33 66 38 26 32 
100 72 1 35 11 46 
60 40 88 39 2 31 
20 22 53 79 32 7 
4 48 12 38 3 76 
85 46 95 94 54 59 
31 30 48 95 87 51 
74 31 33 36 21 77 
6 57 77 8 28 57 
61 36 63 76 83 69 
19 46 46 25 43 71 
24 81 92 26 94 39 
84 19 48 63 89 17 
7 68 33 7 65 67 
52 75 81 51 43 89 
35 22 42 72 67 81 
23 17 3 62 29 11 
25 45 11 7 51 38 
33 13 61 16 32 74 
50 39 34 1 99 37 
34 55 20 22 43 61 
63 60 15 85 64 83 
100 91 94 100 55 13 
93 75 85 27 42 85 
97 52 85 50 77 100 
81 70 51 98 61 52 
83 64 31 39 26 81 
86 98 54 5 28 17 
53 20 73 59 21 78 
22 89 2 78 58 90 
26 20 100 92 48 12 
12 57 62 23 52 22 
37 88 69 3 66 42 
63 9 44 90 36 5 
9 34 38 47 8 39 
64 52 7 27 30 27 
73 89 56 41 62 71 
38 10 79 77 39 61 
65 18 69 28 24 79 
73 34 7 21 15 37 
68 61 39 74 26 51 
14 18 45 63 14 68 
0 64 21 98 15 85 
89 57 26 70 85 17 
75 35 6 42 4 58 
67 83 95 87 41 23 
18 47 8 80 74 60 
70 11 34 9 72 91 
14 29 69 61 18 58 
74 38 4 71 53 37 
36 63 62 74 53 72 
94 0 66 75 85 59 
57 60 89 89 88 92 
53 41 67 7 16 45 
38 45 67 48 18 4 
55 55 33 95 48 77 
14 51 47 38 61 89 
14 12 42 44 34 48 
49 5 63 16 4 12 
69 33 93 77 8 90 
84 73 91 96 95 51 
75 62 37 59 7 44 
1 84 53 34 95 68 
78 93 70 66 25 76 
78 66 87 88 41 89 
14 81 63 49 10 63 
21 20 55 35 47 18 
51 0 63 64 11 11 
70 92 52 94 88 46 
25 85 4 60 42 60 
89 47 73 49 87 0 
31 35 7 11 52 59 
16 21 31 38 27 31 
31 4 31 58 68 61 
82 13 24 52 63 0 
71 30 64 45 4 20 
96 65 65 80 88 33 
18 74 54 39 85 40 
72 50 40 20 52 20 
49 40 75 38 34 47 
3 4 30 9 75 22 
27 30 45 0 92 35 
8 83 36 18 28 66 
28 55 1 96 7 22 
45 92 29 83 9 64 
70 26 34 64 87 58 
53 29 6 45 12 13 
68 92 74 52 5 62 
94 9 0 95 19 93 
67 100 43 99 18 93 
95 39 69 41 81 34 
82 74 29 100 77 92 
34 100 71 64 22 92 
82 83 64 39 73 83 
15 87 69 44 34 14 
67 44 64 29 0 48 
100 63 65 69 0 15 
55 62 100 51 20 81 
56 24 43 22 93 29 
30 5 89 100 30 72 
29 97 94 90 50 29 
30 91 79 23 7 22 
62 17 61 89 63 15 
8 59 93 92 97 41 
17 4 74 95 19 50 
5 4 8 92 46 64 
20 23 24 17 66 53 
80 57 63 99 79 7 
55 5 51 27 55 32 
40 51 9 62 93 31 
57 28 24 35 1 31 
0 81 80 50 57 50 
48 85 97 34 58 78 
94 11 20 10 44 49 
7 55 75 74 38 91 
20 35 11 84 62 71 
92 42 79 54 85 98 
55 67 76 17 34 77 
53 72 0 87 51 12 
85 89 75 98 19 82 
31 30 41 8 54 91 
85 77 73 97 11 65 
73 64 24 38 14 7 
25 56 9 34 8 48 
70 57 41 46 94 39 
69 19 55 1 14 22 
96 19 35 19 54 65 
63 4 4 91 96 97 
14 28 11 98 92 97 
3 6 10 41 72 49 
55 44 81 5 74 90 
61 66 40 87 41 99 
30 11 99 88 14 55 
20 25 51 43 51 89 
67 52 93 96 100 33 
81 47 39 46 32 70 
9 82 83 58 17 36 
28 91 28 62 31 88 
71 77 0 82 47 35 
26 88 85 22 45 51 
6 33 51 40 23 66 
89 89 21 49 62 2 
65 47 62 80 33 47 
46 17 27 55 81 65 
17 14 16 84 84 22 
30 84 22 74 8 75 
88 72 61 75 15 100 
72 88 35 73 30 46 
0 52 59 35 73 11 
58 31 82 26 35 51 
87 48 14 23 21 98 
45 67 14 18 9 19 
26 74 99 61 46 67 
54 90 69 9 93 43 
76 2 14 74 76 12 
69 94 74 50 29 16 
79 42 40 41 40 41 
69 13 55 49 63 55 
20 14 85 59 57 56 
32 65 98 27 48 20 
74 50 36 77 12 4 
81 57 83 24 5 18 
80 92 63 42 79 58 
82 22 33 69 2 94 
62 1 44 52 30 6 
35 75 25 2 14 16 
32 34 17 32 53 51 
24 27 4 6 30 49 
43 56 6 77 38 49 
34 50 91 68 10 90 
41 12 69 85 31 39 
62 58 66 5 53 37 
84 95 39 29 6 22 
79 63 77 12 55 99 
72 93 73 94 15 35 
8 59 99 34 59 4 
82 27 23 84 5 31 
95 36 38 44 75 63 
92 27 55 68 0 67 
5 28 55 7 26 15 
0 50 72 29 36 62 
44 20 89 67 19 85 
91 51 100 48 46 95 
85 83 52 88 57 27 
50 30 18 14 41 4 
14 60 47 85 40 44 
100 11 48 83 0 33 
57 55 2 50 32 44 
53 49 84 99 33 98 
69 81 20 44 2 44 
45 33 13 80 50 72 
55 19 22 2 74 26 
86 15 86 92 58 82 
55 2 23 12 99 74 
60 51 94 78 21 9 
40 78 32 83 83 89 
27 15 33 61 23 20 
16 37 81 77 37 9 
59 58 94 6 2 74 
12 2 10 3 32 57 
89 78 23 81 1 14 
82 96 98 93 48 95 
79 88 89 68 7 7 
87 63 70 74 80 28 
68 7 95 33 22 83 
62 42 26 95 48 19 
62 69 18 46 13 31 
45 93 64 77 62 31 
24 20 61 68 5 64 
53 97 68 4 24 46 
58 94 9 7 30 85 
0 96 8 11 75 9 
100 97 36 9 15 92 
43 80 92 38 87 3 
89 14 79 56 85 91 
67 10 23 91 85 100 
68 37 67 17 45 93 
62 100 20 48 6 56 
7 43 20 12 47 40 
67 12 29 64 21 7 
38 14 29 55 61 17 
99 98 25 31 14 8 
77 41 26 45 73 44 
49 15 13 22 61 32 
45 0 86 54 8 52 
61 32 100 38 26 20 
74 60 67 45 20 36 
54 59 10 40 61 22 
98 84 48 16 10 43 
36 41 40 20 16 19 
48 24 74 46 92 59 
37 47 23 13 52 56 
32 25 17 19 4 84 
6 4 99 27 74 99 
44 93 66 53 42 3 
30 35 1 60 67 43 
12 67 66 0 44 34 
39 97 3 92 46 54 
58 7 58 61 90 74 
21 75 59 48 88 67 
39 66 85 99 67 9 
7 97 79 29 34 44 
9 28 1 68 70 28 
13 39 26 94 91 34 
34 51 79 51 77 43 
64 52 57 20 1 92 
94 96 28 74 60 6 
13 6 81 93 87 93 
4 45 2 17 48 72 
53 89 27 22 25 98 
50 4 43 23 38 7 
49 69 59 66 41 86 
80 14 80 79 96 90 
71 81 8 72 39 87 
27 50 47 54 40 20 
14 96 76 39 89 90 
64 19 51 21 47 99 
21 74 88 61 1 100 
70 47 9 43 94 24 
6 85 53 84 9 33 
36 13 53 54 99 62 
99 36 29 48 67 12 
59 12 54 69 57 26 
84 79 22 13 40 41 
9 61 6 11 91 18 
68 67 59 84 50 88 
5 57 58 81 89 24 
5 6 90 63 92 13 
9 2 68 44 39 13 
69 90 70 13 72 74 
46 38 50 0 79 96 
38 33 72 42 44 49 
13 67 82 54 59 4 
93 4 55 34 85 54 
45 79 85 1 81 91 
3 84 40 53 63 70 
34 86 18 45 25 98 
54 12 32 25 23 38 
98 21 27 19 12 42 
42 20 21 9 75 89 
19 69 10 44 54 76 
71 53 9 2 52 74 
47 50 96 25 34 18 
37 88 3 7 79 9 
14 68 24 37 65 4 
33 46 72 66 2 46 
84 31 78 50 55 99 
72 16 48 36 100 92 
20 13 43 46 96 94 
50 0 1 79 63 28 
51 99 66 43 71 71 
15 74 38 99 49 82 
10 75 31 54 26 0 
85 75 82 37 90 3 
82 55 6 15 94 32 
43 93 27 96 33 5 
40 32 50 28 58 96 
100 54 78 50 45 57 
92 60 20 42 97 74 
10 9 13 89 65 15 
39 30 78 30 87 60 
97 74 8 60 87 25 
80 93 5 99 29 78 
36 80 61 36 15 29 
5 90 41 6 62 5 
96 34 24 45 56 84 
37 28 27 37 26 91 
74 93 64 75 7 65 
99 19 78 11 23 69 
76 29 66 95 96 64 
59 8 70 91 64 21 
97 99 24 2 74 51 
72 26 93 30 40 22 
11 69 57 17 46 97 
35 14 92 85 90 41 
88 21 20 46 32 60 
93 90 58 33 16 11 
6 99 95 47 7 24 
32 89 30 30 60 86 
87 77 41 76 91 12 
67 63 74 85 3 3 
74 6 19 74 76 30 
63 24 49 4 34 8 
6 13 64 27 63 88 
28 54 65 14 91 57 
73 100 25 83 93 11 
17 60 44 39 44 81 
9 70 47 42 84 25 
85 93 4 93 65 47 
11 22 39 17 17 19 
71 27 2 88 79 24 
90 16 33 22 51 100 
21 65 100 61 34 88 
35 59 29 67 56 37 
81 49 73 92 48 99 
20 98 22 47 13 98 
33 2 36 13 49 86 
6 0 41 25 73 85 
18 14 13 78 23 22 
10 41 73 93 49 100 
29 43 87 34 19 13 
43 9 6 0 74 7 
62 11 1 78 94 48 
46 2 11 89 17 73 
66 49 52 72 52 5 
23 19 7 55 48 94 
75 54 83 97 3 46 
50 45 34 2 29 49 
30 3 67 3 3 13 
1 4 58 5 64 33 
22 37 61 55 67 85 
93 39 86 49 89 30 
59 37 43 45 72 22 
5 88 14 12 95 54 
19 51 67 44 43 51 
54 60 23 59 79 82 
3 16 8 85 32 5 
27 38 9 7 95 42 
49 10 52 24 43 54 
4 55 41 50 56 1 
57 94 15 97 60 79 
34 50 89 82 1 35 
86 61 52 9 88 1 
65 16 49 81 4 26 
93 48 84 86 58 35 
86 95 5 96 40 72 
98 64 8 18 10 74 
33 79 98 82 27 15 
77 92 64 26 50 98 
61 17 63 57 88 20 
68 47 60 10 28 63 
21 51 92 16 65 70 
70 84 88 55 60 97 
1 49 96 15 86 72 
83 37 31 97 36 57 
45 80 81 19 67 52 
55 71 18 86 77 85 
4 8 87 81 18 21 
87 28 42 10 21 57 
38 47 67 44 38 49 
63 53 92 62 93 55 
33 63 93 70 97 50 
89 2 93 38 92 2 
41 93 73 60 87 33 
59 29 24 20 11 9 
56 57 89 16 30 53 
51 31 55 19 80 48 
0 45 75 51 87 31 
86 94 20 31 94 40 
18 14 63 51 5 31 
14 35 16 80 30 46 
95 70 70 69 78 9 
81 2 17 84 26 80 
18 63 95 7 57 58 
30 97 52 47 16 41 
74 46 87 17 76 22 
11 25 49 17 95 16 
6 23 13 63 100 25 
63 14 16 100 83 70 
67 46 45 54 33 65 
82 12 72 31 39 18 
58 94 9 84 4 91 
73 52 100 48 55 50 
69 67 88 83 26 6 
10 44 80 36 78 98 
8 91 0 15 36 93 
20 2 33 96 79 79 
24 81 43 2 95 39 
54 75 61 36 63 86 
49 74 41 45 75 39 
37 4 87 70 41 61 
45 27 93 13 13 84 
22 11 92 0 83 33 
38 81 94 17 68 11 
27 75 31 50 100 23 
17 40 24 13 87 11 
18 46 69 18 86 58 
66 21 30 25 31 6 
73 20 65 33 77 36 
39 28 8 45 2 48 
49 1 57 89 25 54 
26 30 10 35 37 31 
91 69 66 100 25 74 
20 54 22 69 21 2 
97 86 39 5 33 82 
0 39 42 69 54 80 
24 31 34 49 29 90 
66 7 21 1 31 74 
55 54 58 59 17 18 
43 29 92 87 41 20 
25 69 14 25 42 7 
84 12 35 79 55 53 
83 84 10 13 12 23 
23 78 49 93 3 28 
28 60 63 20 10 19 
18 95 54 55 52 57 
25 18 8 8 45 5 
34 57 80 50 18 73 
21 37 2 99 51 62 
62 21 17 62 37 73 
2 6 40 73 20 61 
46 46 24 0 42 16 
45 59 19 88 76 3 
63 86 83 18 63 28 
72 99 15 33 38 75 
32 17 26 34 86 30 
67 51 89 65 100 85 
64 56 24 49 29 86 
30 38 67 30 34 38 
18 11 2 90 75 94 
90 2 90 44 47 40 
12 18 50 84 48 97 
20 11 64 11 72 46 
15 26 37 35 48 92 
98 93 1 47 76 55 
96 64 29 95 4 93 
36 9 40 38 25 18 
58 87 55 89 85 14 
86 42 28 80 53 61 
15 16 25 58 38 71 
49 43 96 59 60 61 
45 86 62 74 96 18 
54 4 7 91 97 12 
67 91 65 90 47 44 
55 2 32 76 0 45 
36 61 0 17 73 13 
17 76 45 33 9 52 
85 72 70 85 10 4 
13 4 58 72 70 61 
48 58 69 58 36 75 
60 100 32 74 65 57 
31 61 74 41 33 31 
24 78 9 74 45 57 
15 31 84 89 27 28 
14 64 30 83 78 37 
53 61 11 72 95 0 
96 37 71 11 56 94 
59 50 18 67 36 80 
80 46 95 37 10 89 
8 27 44 28 36 53 
26 61 85 14 20 98 
12 24 99 54 72 34 
26 89 95 45 77 24 
31 49 96 8 23 63 
79 66 62 81 25 4 
1 94 85 1 84 58 
42 76 5 82 27 14 
90 67 54 72 83 79 
48 61 69 99 70 13 
5 74 54 74 52 44 
99 9 11 7 43 20 
4 5 49 7 52 37 
79 51 91 67 77 60 
35 13 20 70 55 44 
37 12 45 59 62 55 
81 93 19 54 92 4 
11 21 61 78 24 23 
46 91 37 88 18 17 
18 23 80 75 58 20 
47 86 60 9 53 67 
30 13 18 87 50 70 
19 66 21 95 84 76 
51 15 25 40 84 38 
67 94 7 35 35 8 
61 1 70 89 92 31 
67 59 29 66 61 16 
29 72 13 73 29 2 
7 82 93 75 92 18 
100 62 13 73 97 20 
42 79 5 97 21 89 
29 93 17 95 90 83 
51 47 75 23 65 91 
99 98 52 69 42 8 
85 30 38 96 69 21 
69 39 0 96 95 37 
41 59 25 90 90 71 
72 99 14 43 2 8 
90 20 34 88 32 40 
30 91 22 57 23 86 
41 29 19 13 30 5 
45 48 73 97 100 33 
89 42 5 12 91 67 
12 20 52 28 88 0 
67 79 91 51 19 58 
16 26 12 5 31 16 
83 95 52 31 1 97 
74 72 0 39 50 2 
52 25 27 68 45 82 
64 65 65 15 15 64 
3 64 87 75 93 3 
93 30 57 64 98 48 
9 2 53 88 81 84 
31 6 25 44 14 84 
15 40 47 0 28 9 
50 50 8 73 11 59 
94 99 8 30 62 54 
93 74 75 68 34 42 
20 67 64 42 5 53 
57 9 55 19 16 42 
89 27 96 72 70 69 
48 5 8 96 53 92 
17 49 51 65 13 43 
11 87 85 30 48 56 
73 27 16 12 19 46 
39 84 97 48 74 51 
98 12 83 51 1 18 
79 78 20 31 64 38 
22 91 74 42 39 22 
98 78 58 40 4 16 
44 33 43 9 5 14 
15 46 80 94 26 32 
13 39 88 64 25 40 
59 31 97 25 52 2 
2 46 69 85 88 45 
27 82 23 22 98 84 
99 74 88 40 98 30 
53 50 95 24 75 36 
8 20 42 29 94 45 
1 86 75 27 90 93 
9 100 51 56 37 24 
13 75 15 57 95 45 
31 44 64 35 58 47 
9 75 94 92 30 48 
42 0 53 11 90 64 
2 98 31 77 58 37 
3 18 81 31 96 76 
41 11 83 57 5 55 
32 66 94 28 56 0 
64 93 79 4 4 74 
19 24 97 22 29 92 
78 64 3 54 17 95 
98 29 28 26 29 76 
90 47 15 87 3 73 
33 42 57 23 97 87 
87 86 1 84 83 17 
7 65 76 14 70 18 
71 35 93 92 12 32 
27 46 68 22 35 63 
32 68 62 12 63 70 
83 6 51 84 94 64 
8 72 28 92 51 79 
61 88 29 16 28 78 
16 27 70 34 11 72 
60 53 22 81 15 94 
