200
200
()))()))))((()))(()(()(()))))(()))((((()))))())())(((()((((((((()()()()))((()(()(()()(()())()())()(())()(()))()(()((())((((())()))()
(())()))()((()()))((((((()()((()())))((())(()())())))))()())()())))())()(((((())(())(()(())((()()))()(()()()((()))))(((())(())))()))))()(()))))(()))())(()())()))()))())()))(()((())(()()())(()()()((()))(()(())))(()()((()())((())())(((())())))(())(((((()()())((((())())))))((()()())()())(()((())())()))))))())(())))()(())(((((((((()())()(()()(()((()((()()(()(()()))(()(()())()))((()())((()(((())((()((())))())()()(())(())()()()())((()(())((()())(()()()())))))()(())())))((((((()()))
()))()))(((((()(()()()((()(()((((()()(((()(()()))(())(((((()(((((((((())(()())(()((()()()(((((((())((()()))))())()(()((()()(()))((((()()()((()(()())((()(((()((()((((((()))()()()()()())))))()())())()(())(()())))()()(()()))))(((())(())(((((()()()(())))(()()())))))))))()()((()((()((())((()())())())(()()))))()(()()(()()()((((())()()))(()()))(()(()(()(())(()))()()))(((()())))))))()()))(((
())())())((())))))))((()(()()))(())(()(())(((((()))))()()())(()()(()((()(()()()()))))))(()((()(((((()(())()())(()()(())())))))()()))((()())(((())())()())(((((((())()()(((()(()))()()))()()(()()((()(()(()(())))()(()()(()((()((((())()(((()))())((((()))))(()(())))(()((()((()()(())))()())))())()))((())(((((()()((((((()())))))(()())()()())()(()()()())())))())()((((()())(()()()()))(())((()())()()(()))))))(((((()())((()(((())(())))(()())())()(()()((()())(((())())(())))(()())()(()))))(
((((()()((()()()())()()()))((())()())))()(()((((((((()(((((((()((())())())()(()()(())(()))((()()()((()())()((()()))()()()())())())(()((())()((())()(((()(((())())))))))))((()(()()()()()()((()))))))))))((()))(((()(((()((()()(((())(()))()())))))))((()()(())()())()()))())()(((()(()((()))())()))()()()()(())())(())())()()))())()())))(((()(())))))())()))())(()())(()(())())(()(())(())())))()()(())(()))(
))())()()((()(((())(())()()()()()(())))(()((())()()(((()(()())((())))))())()()()(()())(()((()()()())))()(())()))(())))()()(((())(())((((()(())((()()(())))))))((()(()))))((()(((((()())()())(((()((()))((((()(()()((())()))(((())()(()))())))))())))))))((((()))((())))()(()))((()))))((()((()((()))))((())))(()()(()()()))(((((()))(((()())(())(((((()(()(()())(()(()((()(()))((()())))()()()())()()))))))())))(()(()(()))()))()))((((()()))))()))))()()))((()((()()((()))(()(()))))())))(()
((()()((()()(((()()(((((())())))((()(((())(()))(())()()()()(((())((()()()())()(())())(()(()))(())(()())(()(())))()((((((()((()()()(()))(())))())()(())(((((((()(()))()))(()))(()))))))))())()()))())(()())(()((())))(())))))(()(())))())(((()()()))()))))()
)(())((())(()())(()()())((()()(()())(((()))())()))))(())())(()()(()(()())(((()())()((((()((())))(((()()(((()()((()()))())()))())())()(((((())))((()(())(()()()))(()(()))(()()()()))(())))(()(()((())()(())(((()()(()(()((())))((())(((()(((((())())(()()
)())(((()((()()(()(((()(()())))(()())()()()(())()()()((())(())(((()(((()))))()()()))()))()()()(()()((()())((())())()()(()((())()))())))()))))))(()))())))())()()())(())))(()(((())()))))((())(()()(((()(()((()()(()(()((()
((((())()()())()))))))()))(((()()(()))((()(())(())))))))()(()(((())()))))()()))()())())))(()(((((()(()))))()))(())())))((())()))))(())((()))))()(()())))(()))((((((()())
()())()(()((((()(()(())))()))))())(()(()((((()())())((()(()()())(()())))(())))((((()())()()()(())))))))))))))))(())))(())())())()()(()(())))(()(()(((
)(())(((((())))(()((((()))))))()(()))((())))))))(()))((((()()(())((())()()))(())(((()()(())))()))))()(()))())())))()())))))()(()(())((())(((((((())))()())((())(())))((((()())(()(()()()()()()((()())(()))(()()))())((()))(()))())())(()))))((())())()(()(((()(()(((())())()())())((()()()()())()()((())())(((())(()(()))(())((()()(())))))(()(((()())))())((())))))()(()()()))()()))()()))((((()(((())((()((()(()(()()((()(())))(())(()()())(()((()()((()))(())))
((())(((()))))))()()(()()()()(()((()())))())()())()))(()((()))()()()))()())))(((()((()())((((())()(())()()()))()(()()()()))()()))(()(()((((()(((()())((())((()(())()())()())(((())((((()))()))))()(((()))))(())()()(()))(()(()()()((())()()))(()((())(()()(((()(()))()))())()()()())()))((())()(((()(())()(((((((())((()()()()
(((()((()((((()())(())()))))((((()()(())))(((((()(()()))((()()()()))))())))))())))()()))(())()))())(())((()((((()()(())())()))()(()()())))))))))())())))(()(((()(())()))())))())()()(())))()))(())()()((())()))(())()(()))())())(()())))))()()((()())(()))())()()()((((()))(()))()(()())))())(())()()))))(()(()(()))((())(()))()))(())))((((())))(((((()))()())()()))))(()(((()())))(((()(())()())(())))()()(((()())))((())(((())))))(((((((()))((()())(()(()(
))())((()()((())(()(((()()(())(())(((((()(()()())(()(((()(()(()()(((((()((((())()()))))()()((())))))(()())(()(((()(())()))((
)((()(()()((((()(()()))(()((())()())(((()())()(()()())))()((((()()((()(())((()()())((()))()))()())((())(((())))()(()))(()))(())()())((())(((()()(((()((((())(())))()((((()(()))(()))(()())((()()))(((()))))()(((()())(())(((()()())()))())((())()(())))(()()))((())())()()))()))))()))()))))())(()()())()())()())((()()(()()))))))(((((())))(()(()))((()((())))(((())()(()())((()((((()))))(())(()()(()))))()))()))))(()))())((())()))()())()())()()((())())()()
(((())))))())(()()(((((())()()))(()()())))())(((()((()())()))))))()))()(((((((())((((()))((()))((()))())(()()))((((()))()())()())))(((()))()((()()))()())(())(()(()))()())(((((()(()(((((()))()()((())(((((()((())(()))()(())(()(()(()(())))((((())))()(())((()()()())))))()))(()()()(((())((((
))((()(()))()(((())((()(()()())(((()()((())()((())()())(()(()()()(()(())()((())((()))))((()()((((())()()(())()))())())((((()))((()(()))(()(())()()))()((()()((())(()())())())()((())((())()((()(())()()(()(()(()(()()(()))())))()))))(((((()()()))))())((()()((())(())()
)((())()(()((((())()))(()()))()((((())())(((()()))(()((()))(()(())()(((()(()))()((()(((())())())))))((((())))))))()())(()()))))))()(((()(())))()()((((())))((()())(((()(()()())()(()))))((((())))()())))()(()()(())()()()()))(())))()(()((((((()()()(((((((()(()()()()()())((()))((())))((((()(((()))()()()))))(())(()()))(((((((()(()((((((((()(()))()(((()((((((()())))(((()((())(())))()(()()(()())()))))()))(()(((())()()()())))))))(()(((())))()((()()))()((()(()))))(()())))((()))()()(()())()(((()()()()))
()())()))((((()()))(()()(()))))()))()())()(((())(())())(()())(())))((((()))))(())(()((((())()))(()))))())()(())())()((())(()))())((((())())()()()))())()))))
)))))))()))((((()((()))()))))((()()(())(())))))(()()())()((()())(()())())())))())())))())())))))))(())(()()())())(()(())()((()(()))(()(())))((()((())(())())((((((())())))((()()()))())()))((()()())(((()()()()()))((()()(((())()(((()((())))(())())()((()(()))))))()()()())()()))(()))((((()())))))))(()))())
))(()((((((())(()))))))()()((()(((((()((()()))()()(())(((()(()))(()(())(()(())((()(())))(((())(())()))))(()))())((((((()(())(())))(()((((())))())(((()()((((()(()()())))(())((())))((((()())(()()(((()(()())(()))())()(())(()(()(()(())))))())((()))))(()(()()()))(())))))()((((((((((()))()(()())(())))()()(())))(())(()()()()(()())()()))))())()()))))((()((())((()(()()(((()))())((()))(((((())(()(())((()()))()()(()())()(())(())((()))())()(())))(())))))))(((
(((((()))(()()(()(())))())()()((()())(())))(()))())(((()(((()((((())(())()))(()))(()()())))))))(()()(()((()))(()()()()))()()((((((()((((()()((())(((((()(())((((())())))((()((((((((())()())())())()()((((())))(((())()((()((())()()())(()(()((()()(()))()()))((()()))))((()()(())()()()(())()(((((()()()()(())(()()(()))((()))((((((((()(())())())()())()((())(()(()))()(())()())((()()())()())())())((((()(
(())((()))(((()()())())((()(()(()())()())(((()))))))))()()))))())(())(()(()((()(()()())(())()))((()())))((()())(()(())((((()(()((()()()(()))()(()())(()(())(((((((()())())))))))(((((()(())()()(()()())()))))))))()(()(())(())(()))()())()))))))())))))))()))()(())()(()()((()()(((()())())((())()((()))()((()())((()(()))))()()))))(())())))))()))()(((
)()()((()(()))())(()())()()(()()))()((((()()))(())()(())()))(())()())(((()())()))())(()(())(())())(()))()(()())()(()((((((())))((()())()((()))(())))))(()())())())))()))(()))(()))))((()((())(())()()))(()(()())(()(())((()(())))()(((()((()((((((((()((()()(((((())))))(()()(())))(()()(()())))(()(())()(((())((()))()()((())(()()))(((())(()())((((())(())())((()()())()()((())()((()()((())(()(()))(()(()(()())))(()())(()())))()()((()(()()))))))((((()()()(())))()((()()())(()())(()()(((((((((()()(((
()()((()))))(((()()))((()(((()(((()(((((()))))(()(((()())((((()))(()))()(((()((()(())()))()(()()())())(()((())()(()))()())((()))))(()))))()))())))(())((()()(()))())((((()(((())(()((((()(()((()()))(()()(()()))))))))))))(()()))()(()()((((()()(())(())))()((((()()()((())()(((())((())(()))()))(()(((())()()((()((((()(())(()()((())((()()))))(())))))))())())(()(()((())()())())))()()())(()))))())))))(())(((()))))((((((((()(())))(()(((()(((((()((())))((((((())
)())(()()(((())))(())))(()))((())))(()))((()(()(())))(()))((()(())((()(()()()())(())())((((()))))()))((()()())()(())(()))()((()))((()))())()))))()(()()())()(()))((()((((()(((()(()))))))()(()((()
)())))))))((((((()(())))(())()))))(()(()()(((((()))(((((()()))))())(()())((((())()))(()))()(()(((())))())))((()(()((())(()(()))()(()(()()())()))))((((((())()(())))))())()((())))(())())()))))))))()())))(())(((()((()())((()())())(()())))())()(())))()))))((())(
())()()((()))()())))())))())))()))(()))))((())()((()(()(())))((()(()))()()))(()())()))))())(()(())())((())()((()(())()())(((()()))))(((()()()))((())))(()(()))((())()((()()()(()))((()(((()())())))(((()))()(
(())))(())(((()))(()())))()())(()((()()))(())))))(()(((((()()()(())())()()()(((())()()(()()(()()())())((()((((((()((((())())((((())(()()()))()())((()(())()))))))())()((()())(()(())(((())
))())()()()()())))((((((())()(((((()((((())))((()))))))()((()(((()((())()(()))()))))(((()())(()(()(()()(())))(((((()))(())((()((((()))())))(()(()(((())()())(()(())(()((())()(())())()))))()()())))())((())()))((()()())((((()()()(()(()()))))))((()(()(()()))))((()))))(((()(()(((((()()(())(())()())())(((((((((()()((()((())()())((()((((()()()))(((())))())))((((()(()()()))))((((())(())()(()(()()(()()(()())()))())()())(())(((())))()(())(((()
(((())((()()())()()()(((()))(()))()(()()))(()()()(())(())))))(()))()()())))))))))()(((()()(()(((()))(())()(((((())((()))(((()(()()))))))()()((())))))))())))(()()()(((((()))(()((((((())))))))(()(())()(())(((())((()(()()()()()()))((()()))((())))()(((((((())((()())))(((((()(((())((()()((()())(()()(()(((((())()))(()))()())))())()())))))()())(()(()))((((()(())(())(()))()((()))()()()()()(())(())((())())))())()))))(()()))()()()(()(()))((())((())())())))()(()))((
()))(())(()))()()(()))())(((())())))(()))(()((()()))()))))(((())((((())))(((((()()))))())((()()((((())))(()(())()(()((()))()))))))(()(((()))((()))((()()))(((()()()(()))))))(()))()(((()))()))(())())((()()(((()(()()()(()))))())))(()(()))()())((()())((((((((()())))(()((((())())(())())))((()(()())()()())))(()(()))(((((()(()(()((())))())()())(())))((()()))((())()(()(((((((()()()())))()()))(())))((((((()())(()))))()(()))(())())()(())(())(()()))))))()))))(())(()(((
)()()))()(())()())(((())))(())))((()())(((())))())))()())(())()()))(()(())(()))))(())))(()((((()((()(((()))((((())))))))())((()()())))(())()))))))()())(()())))(()((())(()((((()))())(())()(((())()))(()()))()()))))))(()(((((((())))(()()()(((()))(())))())))(()(((()))()()((())))()())))(()))(())((((()(()()(((((()((()(((((()))))())(()))())())(()((((((()
())()())()())(())()()()))((()(()))))((())))(()(())((()((()))(()()()(((()())))(()))))))((()))()()(()()()((((())())((((()))))))()(()))((())(()))()()()())))()))))())())(()))((()))()(()()
)())()((((()()))((())()()()))(()())(())()()))((()())()(())(((((()()))())))()(()((()(()((((()(((()(()()(()(((())((())))))))))())(()()())())))(()))())(()))(((()(((()())()()(()(()()())())))())()(()())((((()))))((()()()))((())))())())))(()(())())())(
)(()))))))()())(())()((()()())((((()))))(())(())())()(()())((((()())))()(()()(((())))(()))))((()(()())()(((((()()())())))((()(()(()((())))(((((()((((((((())))())()()()))(())(()()))))))()()))))()())))(
()()(())(()())(()))))())((()()))(()())())))(()(())()(())(()(((()()((())(()()())(((((((()))()())))())))()()))))()(())())(())))(()(()(()))())))))())))())(()(((())()))((((((()())((()()(())())())()((((((()))(()())(())()((()((()())())())))((()))(())(((())))())))))))((()))()()()(()()())))((()(()))))(()))()((()))(())())))()))((
((()))))()((((())()))(()()((()()))(((())()()(())(()))(())()((()((()(())()())))))(()())(())((()((()()((((()()(()(())((((((())()(())(()))))()(()()())(()(((()(()()(()))()())()((((()(()))()(())()()(())(((())((())()()()))(((((()))(()))(()(()((()))(()()(())())))())))()))(())()()((()))()()(())(
()(())((()())))))(()((((())(()(((((()()(()))())(())(()))))((()))()))()()))()))(())())()()))()())()())())())))())((()())))))()))((()))()()(()(((()(()(()(()())(()))(()(())()(((()))(()(())())(()((()))())(()))(()((())(())(()))))(())()()(()))))((((())()()()()()((()())())()(()(()((()()()))()))(((((()()
())(())())((((()(())))))()((()))()())(((()()))))(()(((()((((()()((((())))(((()(()()(((()))))((()(()((()(()((()))(()((())()()(()(())(()()()())((((((((())()(()))())))((())))()()(((()())(()(((()(()()()(((())))(())()()())))()((((()))()(()())))(()(()(())()((((()()))()))))(((((()())))())))((()()((((()))))((()((()(((()((((((()))((()(()
((())))(()(()))((((()((()((((()((())()(()(()())))))))()())()(((()((())()())((((((()(((())))(()()())((()(()(()()))(())))((()((())))))))(()())((()())((())(((()))()())(()()))()))((((())()())))))))))()((())((())))())()))())()))()))()(()))))))(((())(())((())()())(()(()))))(())()))())))()())((((()(()()
)((())()))))()())((()))(())(()(()()))()(()())(((())()()))))())))(())()(())()(()(()())()(()()()()())))))())()()()(()()))((()()()())(())(()()(()))))))(()(((()))))(((())())()(())(()())))()()())))())))(()()))((((())((())))()))((()(()))))))(())(((((())(((()))())()()())())((())(()(()((()(((())(()()(()()()))))))(())((())(((((()()((()(()())()((())(()((()()((()))()(()(
)))()((()(()())(((())(()()())))(((()(()()((((()()(()((((())))(()()))()())(((())))(())(()((((())(()))()(((())())(((()()((()()))))(()(())))))(())((()(((())))()()))(()()))((()((()()))(()()((()(()(()())(())(()()((()(()(()((()((())))()((((())(())())))(((()(())))())())()(((()()()(())))((())(())()(()())))(())()(()()(())())(((((()))())))((()))()())()()))))))())()())))(((((()()((((((()(())())()(()()(((())()((((())((((()())(())))())))()())(())))()(((((())()(()(()()((()((((())()()()))((()(()()))(
))((())()())((((()))(()))()())((())))))((()()(()))()()))))()))(())(((()))((((()))(())(((()()())()()()(())())))()())())()()()))((())(())()())((())))(()())()(())()(()(()((()()))
)()()))()(()(())(()()((((((()))()((()(((())()))()()))()((()((()(()(()))(()()()(())())))())())((())()()))((()()))((()(()(((()))))))()(()(()))))()())()()()(()()((())(())()()))))))))()(
()())()()()))(((((((())((()))((())))))())())()((()()))()))()((()(())))())))))((((()))())))()))(())()(()))(()))((())()(()())(()(()(()(((((((()))())))())(()((()(()())()(((((()))))(((((())(())(())))()(())))(()()())()))((())))(((()()((((())))(()((()()()())()((()))()))))()())(()))
)()))))()(()))())()())))())((()))()((()(())((())(())())(((()(())))(()))(((()((()())())))()()(())(()((()())())))((())()((()((())((()))))(()(()((()(()(()()))())()()()(()))((()(())()()(())())()))))((())))())()(((((()()(())()()()()))(())()(())()()))())()(()(())())))()(())((((((())))()))(()))()()))))()()()())))(()))()())()))()))))((())()(()())()()(())((()(()(())(())((()))(((()(((
((()()())))))((())(((()((()(())()()(()(()))()))()))((())()))((()()())))(()))(()()))()())))())(())(()(()))())(()()((((()()))())(()(((()((()()(()((()()()))(()(()((())()()()))())(()()(())()()()(()(()(()()(((())())()(((((()((((()))((((()(()(())))((()(())(()()((((()(
))()())()(((((()())((()))(()((())(((()()()()((((()()))))))))()(())(()())))((())))((((((())()((()())()(((())())()))))(((((()()()()()())())(())))())))(((()(()()()())((((())))())(()()(()))((()))())()())()))((((()(())())(()()(
)))(())(((()((((()(()(()))))())())()())))((()(()(((()()()(())(()((()))()))(())))()()))((()((()())(())())(()((((((())((((((()(()()()((()()((()))))()())(((((((((()()()))(()))))()(()))())(()((()))))))))()))((())))((()((()(())(()(()(())(()()(((()()((()((())())(()())())())))((()))))())))()())))))(())())()(())(())())))((()()))()())))((((())(()()(((()())((()))))))()(()()()()())()((
))(()(()((())(()()))))()()))))())(()())())(())((()((((())))()(((())())))(())()(()(()()))())))))))(((())())))((()))(()()())(())((((())))))))(()((((((())(())((()((()()((())))(()(())((()((())((()((())())(()()))(()((()()()))(()()))()()))())((((((()(()()(((()()(((()())((((((()(((()()()((()((((())()()))()(())()(()((((()))()())()())((()((()(()))()))(((())))))(()))))()())()())))()))()())((())))))))(((()))()))((
()(())()())((())())))(()()()((()()()()()(()(((())()(()(()()()()(()))()()()))(())())(())(()))()((())())(()((((()(())))()
(()))(()))((()(((())(()(()()))()(((()()(()))(())((()))(()())()))))(()(()((((((((()(()))())))()(())()()))()))))))(()(())())))(()(()))))))))(())(()())()(((((
()))))(()))))(()()))()))()(((())))(()())())()((((()(()(()()((()())((()()((()()(()()()()))()))()((()((())(((())()((((()(((()
()()(())()))()))(()(()((()()(((((())))())))()(((((()()())(())()(()(((())(((()())(()()))(((((()(()(()())()()())()))()))))()
()))(()(())()()())())((()()()(((())(()(()((((()()((()(())((()()())))())())((((()((())()))(()((())((()())(())(())()(((())((()()
)))))((()(())(()((()())))))))(((((()((()((((())())()())())((()(((((()(())()()))((())))))(()())))))((((((((((())))(((((((())))))()()))))()((((((())())))(((()()))()()()()())))))((((())((()))()())((((((()()))())())((())))
((()()())))()())()())(())(())(())())()())))))))(()()(((((())(()))(((()()()((())))(()(()((((()))))())((()()))(())()((((((()())))((()())(((()(())()()))()())(()))(((()()((()()())((()))(()))()))))()(())(()())(()(()(())))()()(()()(())))()())()))(((()(())(((()))((())))))))))(())(())))))()(()))(
)))()()((()(((()(()())())))((()))())()())())(()(()))((((())(())))())())()(()))((((()(()(((())()()())((()((()()(())(()()))((())()(((())((()((())))(()))(())))((((())())))(()()()))(((()()))()()(((())))((((()())))(((()))(()((()))))(())(()((((()())))((()))))))))(((())(())))(()))()()())()())(()()(()())()()((()(()))))())))))(()()((())))(()((()((((()((()()(()(((((())))((()
()(((((()(())((()(()))))()))(()))(((())))))()))))))())()())))(()(((()(((()())())))(())())()()()((((())())()()))))()))))))()())())()((()(())(((()(()))(((()))(()((()())))()(((())))((((((())()(((((((((()())))()((()))()()(())()(())()()()(()))(()(()()()())(()()(())))(()((())(()(()())))(()()((())(())()((())()()))()(()))()))(((()))()()(())())))()((()(()((()()))))((()()(()())))(((()(())))(())))((((()()())((())))((()))())))())()()()())))))(((()(((()))())()(
))(()()(((())(()))))))())())((()((())))))())(((())()))()))(((())))()(())())()((()(()))))()((())))())())))(((((()(()()(((((()(()()()()(()))))())))))())()))()((((())((())(((((()(())))(()()))((((()()()(())())(()))(()()()((((((()))(())))((())((())(())(((()()))))())))(()(()(()(((()(()()((())))(()))())))))(()())))(()))))
))())()())))))()))))())(()))()()))))()(()()()(()()))()((()((())()()((((()()()(()()))()))))())())()))()())())()))()())()(((()(()())))))()))))())))(((((()()()()))()))(((((((())(()()))))()()((
())))))()()))()))((())(((())(())()((()(()(((((()(((()))((())))()())((())())))()(()(()((()()(((()))(())))))))))())())()()(())))()(()))()((()))()()((()(()((()()())))))(((())())))())))()()))))()(())))))()()))))())(()())(()((()(((()())())))()()))(()()(())))())(())))(())(((()((())(()))()()(()())())(())()()(()((((())()(()()))((((())))()))()(()(
()((()(((()())(((((((())(()(((((()()()())()())))((()())()()()(((())))))()())())()()()()())()((()())()))())))(((())()))))())))(((()))((()))()))(()()())(((())(())(((((())))()()))(())))((()(()(())(())(()))((()))()(()))))))()(())))(()((((()()))()((((()(())())()())))()()())(()()))()((())))(((()(((()))((()(()))(()(()(((
((()(())())()(())()()))()((()()))()())))()(((((())()((()((())()))))()(()(()()())((()))))(()(()())()))())())))()((((()))())))()))(()())()()()(()(((((()()()()((()))))()()(()))(()()((((()(()
)))())))))())(())()())))((())()()))((((()())((()())(()()()())((())()(())))((()(()))((()))()))))((()((((((()()(()(()))()))((()(())((())())()())()))())()(((((()(()))()((((()))(()))))()()(()((()((((((()))()()(()())))))))))))((())())((((()()())()())())())()))())(())))))(()())))())(((())(())))()(()()))((()))))()(()(())(()())()()))((())()))(()()))((()(())(()((()))((((((()(()(((())))((((((()))(((((())())))()))())))())))())((()(()))()()(())(()()))()(((()(((()))())))()(()
()))(()))))((())()))((((()(()()())()(()))))))))())))))((((()))(())(()()()()(()()(((())))))())((())))))()()))(()))(((())(())(())(((())((())())())())((())))((()))((()(
)()(())((())(())()))())()()))()))()(((())(((()((())(()()(()((()()()())))((()))())(()(()()(()))))()))))((()())()())))())()))((()()())())(((()())()))(())())))))(()()()(())((()())))))))))))())(())())()())())((()())()))(((()(())))())())()))(((()(())()())()()))()(())))((()((())
))())())(()(()((())(()(()))(()())()))(()((()))(())))()((()(()()))(())))))))((())(()()((()()))()(())()((())))))))()())())())))(((())))))((()))))))((((()(()(()())))((((())(()()))()))((()()))(())))())))())(()()()()))()()))))))()(())((((((()()(()())())))(()()(((()))))((((()()(()(()())))))((((((())(((())()((())))(())(()())(())()))))))()())()()(())()(((()((((((((((())(())))(()()(()()((((())))))))(()())())((()))(())((((((()((()(()((())())(()()()()((()))()()))()()))()
(())(())(()((())))((()))())())()((((()())()))))))()((())))((()()(()())(((()))(()(()()))(()((((((((()((((())((((()())())(((((((()))())))()()()()()(
))))()(((())(()))()))()((())())))))()()((()()())()))())()))()())()))(()()()))))(()(((()))(((((()))(())()()(((()(())()((())))))
)()()((((((())))))((((())(())((()))()()))(())()())))())(()))((((((((((()(())())((())()())))((()))()(())()()(()))(()((((())(())))()(((()(())(())())(()()(()))()()()))))())()(((()))()))))(()((())((()))((()))))(()))((())())()))(())((()(((()()((()(((()))())))()))))())(()())())(()))())((()()))((()(()))(())((()()(()))))
))(((((())(((()())(()))))()()(()(()(((((())(())(()(()))())((()((())))(())((()(()(())()(()()))))(((()))(()(())()(()())))()))))(()()()((((()))(()())()))((()(()())(()(()((((())(()()()()))))(()))())(((()()))))(((())(())(()))())())))()()()()(((()(((((())()))(())())()((())))())()((()))))()()))((()))()(())((((()()))))))()))())()(())())((()))((())())()))))))(()))(()))(())()(()())))((()()(()()))()()((((((((()(()((
))(()()()())(((()(()())(()))()((())())))())())(((())())()))(()))()(())()(())(())(()((((()()())((()))((()(()(()()(())()))))))))()()((()(((((((()(()()())(())(()()())(()()))()(((()(((()((((()(())()))()))))()(()()())))))(((()(())(()))(())((()))))))())())((()(()))))))(((())(()(())()((()))(()())()))()(()((()()((()(())))))))(())((()()(()))(((()()))((()(
)(())((()())(()(((())())))())))()()()))((()))(())))((()(())))())((()(()))()((()))()()()))(()))(()()((())(()()()((())((())(()()(((((()()())()((()()(((())((((())(()))()))(())())))()(()(((())(()())))()()(()())))))(
)())(()()()(()())(((((())())))))(()(()))))))())(()()(((())))()()))))(((((()))())(()(()()()((())()(()))))(())())))))))(()))())())()((((((()(()(())()(())(()))()))))))))(()(((()((()(()(((()()())))))()(())(()))))))(())(((((()(((())))((((((()()()()()()()()))(())()))())))())))())))))()))((()((((((()((()((()())((((())()))))()(())(()())())((())))((()((()((()))))()
()())((())((()())))((())))()(())())()))))(()())((()))))()((()()())(()()((()((((((()()(()))((((()))))))()(()(())))(())))()))((()))()(((()))(((()(()((()()((()()))(()))(()))((()()()))(()())((()()(
())()))))(()())))()))((())))))())()))((()))())()(()(()))))()()((((())))(()(()(())(()(((()())()((()(()))()))(((())()))(()(())()))))(()))()((((()((((()(())()))()()()((())(((()()(((((()(((()(()))))))()))))))))())()(((
)()(())()()()))())(()())(((())(()))((()))())))))(((())())(())()(())())())))()))(((()()()((((()())(())()()))))(()()))((())()))())))()))))(((()(()()((()((())(
())((())(())())())(()))))())(()()))((((()()()()()(((())))(()(())))(())(()())()(())()))()(()))())()())()()(()))))))))()))))))))(()(((())())(()()(()()()())()))(((((()))())()))(())()()))(()(((()(()()(()()((())()))()(())((()(()()()()())())))(()))(((())))())(()))())((()()(())))((()()))))))(((((()())((((())(())))()))(
)()))(()(((((((((((((()(()((())()(((()(()))))((()))()(()(()(()))))()()())((((())(())()))(((()())))))()))(())(()(())(())()(((()()())())))((()(())((()))()))))))())))())(((((()()((((()))))(((()))()(()())))))))))))()(()()()()()((()))(())))))))))(()))))))(()()()))))())((()(((()(()()()())(((((()))))(()))(())((()))))())()))()(()))()())))()()())))(())))))(())(()()))))()))(((((()(((((())()())()))(()))))))()))(()(())()()(((())()))())()())()())()))))()))))((()))())((((()(()((())((())(()(()()))(()))
)((()((())))))(((()(()()((((())())()((()()()))(()())()))))((()))))())(((()))))((((())((())())))))()(()(()(()(()()((()()(())()))(()())()((()((()())((()())(()(())(())))((()))()((((())(()(())))()))))((())()))((()(())()((()))(()()(((((()(())((()()()))(())(((((()()))(((())))))()(())(()))()()()(())())((()()))))())(()))(()))((()())))(((()(())))()(()()())(((())()((()()))(((()())))(())()()((())(()))))((()())())(())(()(())))((())(())))()((
())))())()))))()())()()(())())))())()))(()(())())))))()(())))))(()))()))((()((())(()(()()((()())()(())))())))))))()(((()())()))((((()())(((((())))))))())))())))(()(()))((())))())())()()((((()))()))((())(((()(()()))((()()))(((()((((()()(()(()())(((()((((((()((())))))))(())())()((((())((()(())(((())))()))((()(())(()()))()((()))((
()))))()))(((()(()()(()((()))((((()((()())((()(((())()())))))))(()()))(((()(()())(()()(((((((())))((((((()))()((())))()(((((())()()))(((()(()))))))(()(()))(())(((((()(()())())))())()(()()()))()())()()()()()))))))))(
))(())((()()((((((())))((((())())))()()))))((()(()))()))))(((((()()(()))(()())(()())))))()()()())(()(()))()((((((()()()()((()))(()(())())(()((()()(()))))()((((((())))))()))()()()()(((()))(()((()()()()))))(()))(()((()())))))))()((()(()))(()))()))(()())))())))()))())(((()())))))))())))()(((()(((()()()())(()((()()(()))(()()(()(((()))(()(()(()(()(((()))))))()((()((()))))((((
))))))((())))))(()(()))()())()(()))()))))(()())((()))(())()()()(()))))()()())(()))))(((())(((()())))()(()))(()))((()))()()()()(())))((())())())(()(())()()(()(()()))))(()(()(((())))((()()()))()))()()))))(((
)((()((()((()((()(()(((()()))()()())()))))))))))(())()((((())())()))()))(((()(()))))))(()))()()(()(())()()())()))())))))()()(())()(())(()())))))((()))()))(()(((()
()()))()))))((())()))())))()(())()()))())()))))(()))))()))(()(())))()((((()())(((()((()((()())))))((
)((()(())())(()(()(()(()())(()))(()))))()))(()()(())((()((()())()((()((()())()))((((())))(())(())()(
()))()(((())()(()())(())())))(()((()))))()()())(()(()()(())))((()()()))((((((())))(()()()())(()((())(()()()((()()))((())))(()))()(()(()(())()(((((((())(()))())))()())(()))))()((((())(((())(((()(((()())())))())()())(((((((()(((()()))(()())())())))())((()(())()())((())))(())())))()()()))(())))))))()))))()((((())()((((()((()((()))))()((((((())((()((()))))((()))())()))())(()((()())((((()(()())(((())(()(()(((()())))((((())))((((()(
))))()((())()())()))(()()))(((()((())(())))))())(()((()()())(()()))(()(()()(((())(((())()())((((()(()(((((()()(())((((()()()(()(()(())))()())()))())()((())((())((())(())))())())()))(((((())((()(())))(()(((()()))(((())(())())())()()())()(()()()(()()((()(())))))((())))))(())((())(())(()(()(((()))(())(()()())
((((((())()(()))())())()))()())()()(()(((()()(()))((((())(()()(()(()()(()())(()))())))((()(()()(()((()(((((()((()((()(()(())))(()()(()())))())()))()()(())))(()(((()))((()(((())))))(()))(()())()())())())))()()(())
()))()()(((())())()((())(())(()()()())(((()))((()()(()())(())((()(())()(()(()(())()())(())(()())((()(()(())(((())(()()))))))()))(()))))()
()())))))))(())())))()())(((())(()(())))()()((()))(()())())))())()())))))(()()())())()()((())()()))(())))(((()((((()())(((((((()(())))(((()))())))))(())(((()))()()))(((()()(((((()))()((()((()())())()()(()())())()()()))(()(((()(())))(((())(())(()))()(((())))()((()))()((()((
()())((()())())((((()()()(()((((()))(())((()((()(((()((((())))()(()()())))))())))((()(()((()()())()(()()()))()()()()(()()(())((((()(()(()((((((((())))(((()()))()(())))()()()())))((()))))((()(()()((()(((((((((((())((()())(((())(((((()()()()()()()())()(((()()))()()((((((())()((()()(())))())())))(()())()())()()(()(()())))((()()()))(((())()())))(()()(((()(()))()()((())((())())))(((()))((()())()(())()(((((((((()(((()()()((())))())(())()(()(((())()(())()
(()))((((())(())((())()()))())))()))())()(()))())(()()))))(()))()))()()())()((())()()))((()))()((((()()((()(()(())()()((()((()(((())())())(()(())))((())((()())(()(()))))))())())))(())()(()(()))(())()())()(())))))()()()(()()()(())())()((()())))(((
()(())()(()))((()()))((())()()()(())((((((()))((())()()((((()()))())))))))(()(((()()(()()))(())((())()((()())))())()))()))((()())(((()()))))(((((()))))())(()))(())())(()))()()))())))(((())))()((((((()()()(((())))))(())()()))(())))(((()))((())()()()))))())())()()())))())())(()()(()()()()()()))(())()(((((()()()((())((())(((()(()))((()())((())())))()((((((())((()()()(())(()()(())())())(()())))))((())())(())()(())))()((((((((())((()))(()())()()()(())()()((()))()(
)(()((()()()(()))()(())(()((()()()))())))()))((()((())((()))((()(()((()))))))))(()))()()))))(()())(((())()((()())((()()(()()((()))()))(()()()())()((((()())((())(())))()))((()()))())(())()(()(
)))))))))))))))))()))))))))))()))))))))))))())))))))())))))))))))))))()))))))((()((((((((((((((((())((((((()((((((((()())(((((((((((((((
()))))))))))))))))))))))))))))))))))())))))))()(()))))(((()()(((((((()(((((()(((()((((()(((((((()(((((((((((((((((((((((()(((((()(((()((((
))))((()(((((((((((((((((()((()((((((((((((()(()((((()(((((()(((((()(((((((((((((()(((((((((((((((()(((((((((((()()((((((((()(((((()((()((((((((((((((((((((((((((((((((((())((((((((((((((((((((()(((()(((((((((((()()(()(((((()((((((()((((()(((
)))))))))))))())))))))))(()()))))))))()))))))))))))))))(()())))())))))))))))))))))))))))))))))(((((((()(((((((((((((((((()((((((((((((((((((((((((((()((((((((((()(((((()(((()(()(()((((()(((((((((((((((((((((((((((((((((()(((((((((((((((((((()(((((()((((((((()()((()((()((((((((()((((((((((((()((((((((((((((((((((()((((((((()((()(
)))))))))()))))))))))))))))))))))))))())))))))))))))))))))()())())))))))))))()))))(()())))))))))))))()()))))())())))))))()))))))))))()))))))()))))))))))))))))()))())))))))))))))))))))))))))))))))))))))))()))))))))((((((()(((((((((()(((((((((((((((((((((())()(((())(()((((((()(()()((()((((((((((((((()(()(()(((((((((((((((((((((()(((
))))))))()))))))))))))))))))))))())))))))))())))()))))))))))))))))))))))))))()))))))))))))))))))))()))))())))))))))()(()))())))))()()))())())))())))))))))((((())((((((
))))))))))))))))))))))))))))))))))()))()()))))))()))))))))()((((((((((((((((()((((((((((((((((((((((((((((((((((((((((((((((((((((((((((((((((((((((((((((((()((((((((()(()(((((()((((((((((((((((((((()((((((((((((((((((()((((((((((((((((((((((((()(((((((((((((((((((((()((((()(((((()(()((((((()((((((((((((((((((((((()((((((()(((((((((((((()((((()(((((((((((((((((((((()((((((((((((((((((((((((((((((()
)))))))))(())))))))))))))))))))))))))))))))()))))))))()))))))))))))))()))))))))))))))))))))))))))))))()))))()))))))))))())))))))))))))))))))))())))))))))))))))))))))))))((((((((((((((())((((((((((((((()(((((((((((((((((((((((((((((((()(((()(((((((((((((((((((()(()(((((((((((((((((((((()(((((((((((((((((((((((((((((((((()((())(((((((((((()()((((()(((()(((((())(()((((()((((((
))()(((((((((((((((((((((((((((((((((((((((()(((((((((()(())((((((()(((((((()(((((((((((((((((((((((((((((((((()(((((((((()(((((((()((((()((((((((((()(((((((((((((((())((((((((((((((((((((((((()(((((((()(()()()()((((((((((()((((())(((((((((()(((((((((((((((((((((((((((((((((((()(((((()()(((((((()(((((((()((((((((((((((((((((((((((((((((()((((((((()()(((((((((((((
()()))))))()))))())))))))))))))))()()))))))))))))()))))))()))))))())))))())))))))())))))))))()))))))))))())))))))()))))))())))))))))))))))())())))))()))))))))())())))))))))))))))))))))))))))()))))))))))))))))))()))))))))()))))))))))))))))))))((((((()((((((((((((((()((((((((((()(((((((((((((((((((()((((()()()(((((((((()(((((((()((((((
))))))))))))))))())))))))))))())()())))))))))())))))))))))))()))())))))))))))))))())))))))))()))()))))))()))))))))))))(()))))))()))))))()))))))))))))))))()()))()))))))()))())))())))))))))()))))))))))())))))))))))))()))))))))))))))))))))))))))))))))))))())))))))((((((((((((()(((((((((((((((((((((((()((()((((((()((()(((()((((((((
)))))))))))))))))))))))))())))())))))))))))))))))()()))))())))))))()))))))))))))))))))))))))))))())))))))))))))))()))))))))))))))))))))))))))()))))))))))))))))))())))))()))))))))))())))))())))))))))))))))()(()())()))))))))()())))))))))))))())))))))((((((((((((((((((((((((((()((((()(((((()()(())()((((()(((((((((((((((((((((((((((((((((((((()(((((((((()((((((((((((((((((()((((((
)))))))))))))))))))))))))))))))))))))))))))))()))))))))))))))))))))))))))))))())())))()))))))))))(())))))))))))))))()))))((((()(((((((((((((((((((((((((((()((((((()()()(((((()((((((((((((((((((((((((((((((((((((()(()(((((((((((((((((((((((((((((((((()(((((((((((((((((((((((()((((((((((()(((((((((((((((((((((((((()(
)))))))))))))))())))))())((((((((((()((((((((((((((((((((((((((((((((((((((((((((((()(((((((((((((()((((((()((((((((((((((((((((((((((((((((((((()(((((((((((()((()()(((((((((((()()((()(((()((((((((((((()((((((((((((()(((((((((((((((((()((((((((((((((((((((((()()(((((((((((((((((((((((()((((((((((((((((((((((((((((((((((((()(((()((((()((()((((((((((((((((()((((((((()(((
)))))))))()))))))))))))()())(((((((((((((((((((((())(((()(((((((((((()((()((((((((((((()((((((((((((((((((()((()(((((((((()()(((((((()((((((((()((((()((()(((((((((((((((((((((((((()(((((((()(((((((()(((
)))())()())))))())))))))()))))))))))))))))))))))))))))))))))(())((((((((((()((((()(((((((((()(((((((((((((((((((((((((((((((((((((()(((((((((((((((((((((((((((((((((((()(((((((((((((((((((((((((((((((()((((((((((((((((((((((()((((((((((
)))())))()))))))))))))))))))))))))())))))())))))))))))))))))())))))))))))))))))))))()))))))))))))))))))))))))()))))))))))()))))))())))))))()))))())))())))()))))))))))())))))))()))))()))))))))))))))))))))))())))))())))))))())))))))))))))))()))))))))))))))))()))))))))))())())))))))))()))))())))))))))))))))))))))()(((()(((((((((((((((((((()((((((((()()((((()((((((((((((((((((((((((()(((()(((((((((((()(((((((()((((((((((
)))))))))))))))))))))))))))))))())))))))))))))))))))))))))()))))))))())))())))))))))())))))))))))))))))()))))())))))()()))))()())))))))))))))))))))))))))))))))))())))))())))))))()))))))))))))))))))))))))))))))))))))))))))))())()))))))())())))))())))()))())))))))))))))))))))))))))))))))()))))()(())))))))))))))))))))))()()))))))))))))()))))))(()))))))))))))))))))()(((((((((((((((((((((((((((((()(()(()((()
)))()))))))))()))))))))))))))))))))))))))())))))))))(()(((((((((((((((()(((((((((((((((((((((()((()((()(())(((((((((((((()((((((((()((((((((((((((((((((()((((()((((((((((((((((((((((((((((((((()(((((((((((((((((((((((((((()(((((((((((((((((((()()(((()((((((((((((((((((()(((((((((((((((((((((((((((((((()(((((((()((((((((((((
)))))()))()))))))))()))))))))))))))))))))))))())()()())))))))()))))))))))((((()((((((((((((((((((()((((((((((((((((((((((()((((((((((((()(((((((((((((((((((((((()(((((((((()((((((()()((((()((()(((((((((((((((((((()((((((((((((((()((((((()((((()((((((((((((((((()((((((
()))))(())))))))))))))((((()(((((((((((((((((()(((((((()((((((((((((((((()(((((((((((((((((((((((((((((())((((((((())((()(((((((()((((((((()((((((((((((((((((((((((((((((((((((((((((()
)))))()))))))))))))(()(()(((((((((()(((((((((((((((((((((((((()(((((())((((((((((((()(((()((()((((((()(((((((((((((
)))))))))))))))))))))))))))()()))))))))))))(()())))())))))))))))))())))))))))))))))))))))))))))()))))))()))))))))))))))))())))))))))))))())())))))))))))))))))))))(()))))))))()))()())))))))))))())))()(((((()((((((((((((((((()(((((((((((((((((((()(((((((((((((((((((()(((((((((((((()(((((((((((((()(((((((()((((((((((()(((((()((((((((((()((((((((((((((((()((((((((((((()((()((((()((((()((((((((((()((()(((((
))))()()()))))))))))))))())))))))))())))))))()))))))))))))()))))))))))))))))())))(())))))))))))))))))))))))))))))))))))))))))))))))()))))))))))))))))))))))))))))))))))())()))))))))))))))))))))))()()))))((((((((((((((()(((((((((((((((((()((((((((((((((((((((((((((((((((((((((((()((((((()()(((((((((((()(((((((((((((((((()((((((()(()((()(()(((((()((((()(((()))((((((((((((((((((()((((((((((((((((((((((((((()(((((((((((((((((((((((((((()((((((()((((((((
)())))))))))))))))))))))))))))))))))())))()))))))())))))))()))))))))))))))))))))))())))))))))))))))))())))))))))))))((((((((((((((((()((((((((((((((((()(((()())((((((()((((((((((((((((((())(((()((((((()((()(((((((((((((((()(((()((((()(((((((((((((((((((((((((((((((((((()((((((((()(((((((()(((((((()(()((((((((((((
)))))))))))))))))()())())()(((((((()(((((((((((()((((((((((((((((((((((((((())(()((((((((()((()(((((((((()((()((((((((((()((((((((()(((((((((((((((((((((((((((((((((((((((((((((((()((((((((((()((((()(((()(((()))(((((((((())(((((((((((((((((((((((((((((((((())(()(((()(((((((()(((((()((((((((()(((((()(((((((((((((((((()((((((((((((()(((()())((((())(()(((((((((((((((((()((((((((())
))))))))))))))))))())))))))))())))))))()))((((((((((((((((()((((((((((((((((((((((((((((((()((((((((((((())((((()((()((()(((((((()((((()((((()((((((((((()((((()((((((((((((((((()(((((((((((((()(((((((((((((((((()(())((((((((((((((
)))()))))))))))()))))()))))))))))))))))()))))))))))))))))))()))))))))))()()))))))())))))()))))(()))))))))))))))))()))))))))))))))))))))))))))())))()())))))))))()))))))())()))))))))))))))))))))))(()))))))))))))))))))()())))))()))))())))))())()))))))))))))))())))))))))))())()))))))))))()))))))()))))))))(()(((((((((((((()((((((((((((()((((()(((()((((((((((((((((((((()(((()(((((((((((((((((((()((((((()(()((()))(()(((((((((((((((((((((((()((((((((((((((((
)))))))))))))))()))))))))))))()))))))))))())))))))))))()))))))))))))))))))()())))))))))))()))))))))))))))))))))))))()()))))))))((((((((((((((((((((((((((((((((((((((((((((((()((((((((((((()((((((((((((((((((((((((((((((()(()()(()(((((
))))))))))))())))()))))))))())))))))))))))))))))))))))))))))))))))(())))))))))))))))))))))(((((()(((()((((((((((((()((((((()((()((((((((((((((((((((((((((((((((()(((((((((((((((())((()((()(()(((((((((((((((()(((((((((((((((((()((((()(((((((((((((((((((((((((())(()(())((()((((((((
)))()))))))))())))())))))))))))))))))))))))))))))()))))(())())())))))))))))))))))))))()()))((((((((((((((((((((((()(((((((((((((((((((((()(()()((((((((((((((((())((((((((((((()(((((((((((()((())(((())((((((()()((((((((((((((((()(((((((((((((((()((()((((((((((((((((()(((()(((((((((((((()((((((((((((((((((((((((((((()(
))))))))))))))))))))))))()(((())(()(()((((((((()(((((((()((((((((((((((())((((((((((((((((((()()(((((((((((((((()(((((((((((((((((()(((((((((((((((((()((()(()(()(()((()(((((((((((((((((()))((((()(((((((((()((((((((((((((((((((()(((((()(()(((((((((((((((()(((((((((()(((()(((((((((()(((((((((())(((((((((((()()((((((((()((((()
))))))))())))))())))())))))))))()()())))))()))))))))))))))))))()))))))))))))))))())())))()))()))))))))))(())))))))()))))))))))))))))))))))))))))))()))))))))))))))))))))))))()))()()))))))))))))())(((((((((((((((((((((((((((((((((((((((((((((())((((((()((((((()(()(((()(((((()(()(((((((((((((((((((((((((()(((((()((((((((((((()((((((((((((((((()(((())(((((((()(((
)))))))))))))))))()))))))))))))))))))))))))))))))()))))()))))))))))))))())()))))))))))))))))()())()))))))())())))))))))))))))))))()))))))))))))))())))()()))))())))))))))))())))))))))))())()))))())))())))))))))))))))())()))))))))())))))))))))))())))))))))))))))))))))))))))()))))))())))))))))))))())))())))()))()))))))))))))))()))))))))))))))))((())))()))))))(((((()(()(((
)))()))()))))()))))())))))))(())))))))))(((((((((((((((((((((((((()(((((((((((((((((((((((())(((((((((()((((((((((()()((((((((()((((((((((()(((((((((((((((((((()((((((((((((((((((((((((((((((((((
))))))()((((((((((((((()(((()(((((((((((((((((((((((((()((()))((((((((((()()((((((((()((((((((())((()(((((((()(((((((((((()((((((((((()(((((((((((((((()((()((()(((((((((((((((()((()))(((((((((((((((((((()((((((((((()((((((((((()((((((((((((((()(((()(((((((((((((((((((((((()((((((((()())((((
)))))))()))))))))))))))()))))))))((()())((()(((((()(()(()(((((((((((((((((((((((((((()((((((((((((((()(((((()()((((((((((()((((()(((((((((((((((((((()(((((((((((()((((((
)))))))))))((((((((((((()(((((((((()(((()(()(((((((((((((((((((((((()(((((((((((((((((((((((()((((()(((((((((((((((((((((((((()(((((((((((((()((((((())((((((()(((()(((((((((((((((((((()((()()((((((((()((((((((()((((((((((((((((()((()(((((((((()((((((((((((((((((((
))))()()))))))))))))))))()))))))))))())))))))))())))))))))))))))))))))))))))))))))))))))))))))))))))))))))))))))))))))))))))))))((((((((((()(((((()(((()((()(((((((((((((((((((()((()((((((((((((((((((
)))()()))())))))))))(()))))))))))))))))))))))))))))))))))())))))()))))))))())))))))))))))))())))))))))))()))))))))()))))))()))))))())))())()())))))())))())))))((((()(((((((()(((()(((((()((((((((((((()((()((()(((((((((((()((((()(((()(((((((((((((((((((((((((()((((((((((((()(((((((((((((()((((()
)))))))()))(()))))))))))))()))())()(((((()((()((((((((((((()(()(((((((()((((((((((((((((((((()((((((((((((((((((((((((((((((((((((((((((()(((((((((((((((((((((((((((((((((((((((()(((()((((((((((((((((((((((((((((())((((()())(((((((((()(((((((((((((((()((()(((((((((((((((((((((((()((((()(()((((((((((((((((((((((((((()((((()(((()(((((((((((((((((((((((((((((((((((((((()(()(((()((((((((((((((((((((((((((()((((((((()()(((((((((((((((((((((((((()((((()(((((((((((((()(((((()((((((((((((((((((((((((
)))))))))))))))))))))))))())))))()))))))))))))))))()))())())(()))))))))))))))))))))))))))))))))))()))))))))))))))))))))))))))))))))()())()))))))))))())))))))))))())))))))))))))))())))()))()))))))))))))))))))))())))))))))()))))))()))))))))))())))))))()))))))))))()))))))))))()))))())))))()))))))))))))))))))))))())))))))))))(())))))))))(()))))))))())))))))))()))))))))))()))))(((((((((((((((((((((((()((()(()()((((((()(()(((()(((((()
))))()))()))))))))())))()))))))))))))))))))()))))()))))))))))))))))))))))))))))())())))))))))))))))))))))))))))))))))))))))))(()())))))))(())))))()))))()))(((()(((((((()(((((((((((((((((((((((((((((((((((((())((((((()(()(((((((()((((()((((((((((((((((((((((((((((()((()((((()((((((((((((((((((((()(((((((((((((((())()(()((((((((((()((((((((((((()(((((((((((((((((((()((((((()(((((((((((()((((()()(((((((((((((((()(((()(((
))))))))())))))))())()))))))))))())()))))))))))))))))))))))))))))))))))))))((((((((((((((((((((((()((((((((((((((((((((()((()((()((((((((()((((((((((((((((((((((((((((((((((((((((((((((((((((((((((
)))))))))))()))))))))))))))))))())))))))))))))()())))))))))))())))))))))))()))))))())))))))))))(())())))))))))))))))))))))))))))))))))))()))))))))))))))))))))))))))))))))(()))))))))))))))))))))())))))))))()))((()((((((((((()((((((((((((((((()(((())))((()(((((()((((((((((((((((((()
))))))))))))))))))))()))))))))))))))))))))))()))))(()()))())))))))))))))))())))()))))))))))))))()))))))))))))))))))))))))))))))))))))))()))))))())))))))())))))))))))))))))()))))))(())))))))))))))))())))))))))))))())))))))()())()))())))))))))))))))))))))))))))))))))))))))))))))(()))()))))))))))))()))))))((((((()(((((((((()((((((((())
))))))))))))))))((((((((((()((()((()((((((((((((((((()(((((())((((((((((((()(((()((()(((((((((((()((((((()(((((()(()(()((((()(((((((((((((((((((((((((((((((()((((((((((((((((((((((((((((((((((((((((((((((((((((((((((((((())(((((((()((((((((((((((((((())((((
)))))))))()))))))))))))))))))))))()))()))))))())))))))))))))))))()))))))))))()))())))))))))))))))(())))))))))))))))))))()))))))))))))))))))())))))))))))))))()))))(((((((()(((((()((()(((((((((((((((((())((((((()((((((
))))))))))))()))))))))())))()))))())))))))))))))))()))))))))))))))))))))))))))))))))))))()))))))))((((((((((()(((((()((((()(((((((((((()((((((((((((((()((((((((((((((((((((((((
)))))))))))))))))))))))(((((()((((((((((()((()((((((((((((()(((((((((((((((()(((((((((((((((((((((((((((((((((()(((((((((((((((((((((((((()(((((()((((((()((((((((((((((((((((()((()(((((((((()(()(((()(((((((((((((((((()((()(((((((((()(((((((((((((((((((()((((()(((((((()((((())(((((
()())))()))))))))))))))))))))))((((((((()((((((((((((((((((((((((((((((((((((((((((((((((((((((((((((((()()()(()((()(()((((((((((()(((((((((((((((((((((((((((()(((((((((((((((((()(()(((()((((((()()(((((((((((((((()((((((((((((((((((((((((((((()(((((((
)))))))())))))))))))))))))))(()))))((((((((((((((()(((()()(((((((((((((((((((((((((((((((((((()((((((((((((((((((((((((()(()(((((((()((()((((((((((((((((((((((()(((()((((((((((((((()((((()(((((((((((((((((()()(((()((((((()(((()((())(((((((((((((((((((((((((((((((()(((((((()(((()((((((((((((((((((((((((((((((((
))))))))))()))))))))))))))))))))))))()))()((((((((((((((((((()(((((((((((((((((((((())((((((((((((((((((()((((((((()(((((((((((((()((((((((((((((((((((((((((((((()((((((((((()(((((((((((((((((((((((((((((((((((((((((((((((((((((((()(((((((()((((((((()((((((((((((
))))))())())))()))))))))))))())()))(()((((((((((((((((((((((((((()(((((((((((()((((((((((()()(()((()((((((((((())()(((((((((((((()(((()(((((((((((((((((((((((((((((((((((((())(((((((((()(()((((((((((()(()((()(((((((((((()((((((()((((((((((((((((((()(()(((((((()(()()()(()((()((((((((((((((((((((((((((((((()(((((((((((()(()(()((((((((((((((((((((()(((()((((((((((((((((((()(((((((((((((()((((((()((((((((((
)))))))))))))))))))))))())))))())))))))))())))))))))))()))))()))))))()))(((()(((((((((((((((((()((((((((()(((
)))))()))))))))))))()))))))))))))())()()))())))))))()))))))))))))())))()))))))))))))()))))))))))))(((((()((((((((((((()((((((((((()((((((((((((()((((((((((((((((()(()((((((((((((((((()(((((((((((((()(((((((((((((()(((((((((((((((((((((((((((()((((((((((((((()((((((()(((())()((((((((((
)()))))(())))))))))()))))))))))))(()))))))))))()()))))))))))))))))))())))))))))))()))()))))))))))))()))))))))))))))))))))))())))))))))))))))))))()))))))))())())())))()))))))))))))))()))))())))))))))))))))))))))))))()()))))))))))))())())))))))((((((((((((((((((((((()((((((((((((((((((((((((((((()(())((((()((()(((((((((((((()(((((((((())((((((((((((((()((((((((((((((((((()(()(((((((()((()((((((((((((((((((((((((((((()(()(((((()(((((((((((((((((((()((((((((((((((((((()((((((((()((((((()(((
)))))))))))))))(((((()((((((((((((()))((((((((((((((((((((((((((((((((((((((((((((((((((((((()((((((((((())(((((((((((((((((((((((((((((((((((((((((((((())((((((((()((((()(((((((((()(()((((((()(((((()((()((((((((((((((())((((((((((((((((((((()((((((((((((()(((((((((((((((((((()((((()((((((((((((((((((((((((((((()(((((()(((((()((()((((()((((((()((()(((((((((((((((((((()(((((((((((((()((((((((()(((((
)))))))))))()))))))())))))())))))())())))))))))))))())))))))))))))))))))()(((((()((((((((((((((((((((((((((((()((((((()((((((((((((((((((((((((((((((()((((((((()((((((((((((()(((((()((
))))))())))(())()))))))()))))())))()))))))))))))())))))))))))))))))())))))())))))((((((((((()(((((((()((((((((((((((()(((((()((((((((((((()(((((
)))()))))))))))))()))(((((((((()(((((((()))((((((((((((((((((()((((((((((((())(((((())()(((((()(((()(((
))())))()))))))))))))))))))))()))()))))))))))))))))))))())())))))))())))))()))))))))))))))))))))))))))())))))))))))))))))()))))))))))())()))()))())))))()))))))))()))))))))))(())))))))))())))))))))()))))))()())))(())()))()))))))))))))))))))())))))))))))))))))))))))))))()))))))))))))))(()))))))))()))()))))))))))))))))))())())))))))())))())))))))))))))))())))((((()((((((((((()((()((()((()((()(((((((((((((()(((((((((()((((((((((((((((()((((((((()((((
)()))))))))))(())))))()))()))))))))))))))())))))())))))))))))))))))))))))))())())))))))))))))))))))))))()))))))()))()))))))(())(((((((((((()((((((((((((((((((()()()((((()(()((()(((((((((((((((((((((()(()((((()(((((((((((()(((((((((((((((((((((((((((((((((((((((((()((((((()(((((()(((((((((((((((((((((((((((()(()(((((()((((((((()((((((((((((((((()(()((((()((((((()(()(((((((()((((((((((((((((()(((()((((((((((((((((((((((((()(()((((((((((((((((()(((((((((((
)))))))))))()))()())))))())())))())))))))))))))()))))))))))()(()))))(()))))))())())())))(((((()((((((((((((((((((((((((((((((((((()(()(((((((()(((()(((((((((((()((((((((((((((((((((((()(((((((((((((((((((((()(((((((((()((((((((((((((((()((((((((((((((()((((((((((())(()((((((((((((((((((((((((((((((((((((((((((((()((((((((((((((((((((((()((()((()(((((((((((((((((((((
)))))))))))))))))))()))))))))())))))()))))))))))))))))))))))))))))))))))(()))))))))))))))))())))))())))())))))))))))())))))))))))())))))))))))))())))))()))))))))))()))))())))))()()))))))))))))))))))))()(())))))))(())))))))))))))))))))))))))))((()))))))))))))())))()))))))()))))))))))))))))))))())))))))))))))))))()))))))))))))((((((((()(((((((((((((((((((
())))))))))))))())()))()))))))))))))))())))))))))))))))))))))))))))))))))))))))))))))()())))))))))())))))))))))))))()())))())))())()))))))))())))()))())))()))))))))))())))))))))))))))))))))()))))())())))))))))))))))))))))))))))))))))))))))))))())()))))((((()(()((((((((()((((((((((((((((((((((((((((((((()(((((((((((((((((((((((((((((((((((((((((((((((((((((()(((((((((((((()((()(((((((((((((((()(((((((((()()(((((((((((((()((((((((()()(((((((((()(((((((((((((((
())))))))()(()))))))))))))))))())))))))))))))())))))()))()))))))()(()))))))(())))))))))))())))))(((((((((()(((((()(
())())))))())))))))))))())())))))))())))())))))))))))))))))))))))))))))))))))))()))))))))))))))))()))))))))))))))))))))))))))())))))))))))))))))))))))))))))))))(()))))))))))))))))(((((((((((((((()(((((()((()((()()()(((((((()((()((((((((()((((()(((()(((((()((((()((((((((((((((())((((((((((((((((((((((((((((()(()(((((((((((()(((((((((((((((((((((((()(((((((((((((((((()()(((((()((((()((((((((((((((((((((((()(
)))(())))))))))))))))))())))))()))))))))))())((((()))((((((((((((()(((((((()((((()(((((()(((((((((((((()((((((((((((((((((((((((((((((((()((((()((((((((((((((((((((()((((()((((()(((((()((((((((((((((((((((((((((((()(((()(((((((((((((((((((()((((((((((()(((((((((((((((((()((((((()(((((((()((((()((((((((()(((((((((((((()((((((((((((((((((((((((((()(((((((((((()(((((((()(((((((((((((((())((((((()((((()((((()((((((((()((((((((((((((((((
))))))()))))())))))()))))))))()))())))))))))()))))))))))))))))))))))))))))))))))))))())))))))))))))))))))))))))))))))))))))))))))))))))))))))))())))())))())))))))))))))()()()))())))))())))()()))))())))())))))))))())))))))))))))))))())))))))))))())))())))())))))))))))))()))))))))))))))))))))))))))))))()())))())))))))))))()))))))()))))))))((((((((((((()()(((((((((((()()(((((((((((((()((()((((((((((()((((((((((((
)))(()))))()))())))))))))(())()))))))))))))))))))))))))))))))))))))))()))))))()))))(((((((((((()(((((((()((((((((((((((((((((()((
)())))))))))))))))))))()))))()))))))))))))))))))))))))(()(((((((((()(((()((((((((((((()(((((((((()(((()(((((((((((((()(((((((((((((((((((((((((((((((()((((((((((((((()((((((
)))))))))))))())))))))()))()())))())))))))())))))))))))())))))))))))))))))))))))))))))))))))))))))))))))))()))))))))))()))))))())))()))))())))))))))))))))))))))))()))()))))))))))))))))))))))))))))))))))))))))))))()))))))))))))))))))())))()))))))))))()))))))))))))))()))())(((((((((()((()((((((((((((()(()(((()((((((((((((((((((((((((((((((
))))))()))))))))))()))))())))))))))))))())())))))))))()))))))()))))())))))))())))))))))))))))()))(()(())))))))))))))))()))))))))))))()))))))))))))))())))())))))))))))))))))))))))))))))))()))))))))())))))))))))))))))))))))()))))))))))()))))))(())))())))))))))))))))))))))))))))))))()))))))(())))))))()))))))))()))))((((((((((((())(((((())(
)))))))))(()))))))))))))())()))))))))))))))))))))))))))))))))))))))())))()))))))))))))()))))))())))))))))))))))))()))()))))))))))))))))))()))(()))(()))))()))))))))))))))))))))))()()))()))))()))())())())))())))()))))()))))))))))))))))))))))))))))())))))))))))(()))))))()))))))))())))))))()))))))))))))())))((((((((((((((((((((((((((((((()(((((((((((((((()((((((((((((()((((((((((((((()()(((()((()(((((((
))))()))))))))))))))))())))))))))))))))))))))))))())))(())()))))))(())))())))))()))))))))))))))))()))))))))))))))))))))())))))))))))))))())))))))()))))()))))))))))))))))))))))(((((((((()(((((((((((((((((((((((((((((()((())
)()))))))))))))))))))()))))))))))))))))()))()(())))))))()())())))))))()))))())))))))))))()())))))()))))()))))))))))())))))))))))))))))))())))))())))))))()))()))))))))()))))))(((((((((((()(((((((((((((((((((((((((()((((((((()(()((()((((()((((()((((((((((((()(()(((((((((((((((((((((((((((((((((((((((((((((()))((((((((((((((((((()((((()(((()(((((()(((())(((((((((((((
)))))))))))))())))))))))))))))))))))()))))))))))())))(())))))))))))))))))))))))))())))))))())))))))))))))))))))))))))))))))))))))))))()())))))))))())))))))())))()))))))))))))))()))))))))((((((((()((((((())((((()(((((((((((()((((()(((((()((()()((((()(((((((()(((((((((((((((((((((((((()(((((((((((((((((((((((((((((((((((((((((((((()((((((()(()(((((((((()(((((((((((((((()(())(((((((((((((((((((((((((((((((((((((((((((()()((((((()(
))))))))))))))))())))))))))))))))))))))))))))))))))))))))))))))))))))))))))))))))))))()()))))()))())))))))))))))))))))))))))))))()))())))))))))))))))))())()))))()))))))))))))())))))))))))()))))))))))))))))))))))())))))))())())())))))))))))))()))))))))))))()))())()))))())())))))))))))))))))))(((((((())(((((((((((((((((((((((((((()(((((((((((((((()()(()((((((((((((((((()((((((((
)))))())())))))))))))))))))()))))))())))))))()))))))))))))))))))()))))))()))))))))()))))))))))))())))))())())))))))(())))()))))))))))))))))))))))))())))()))))))))())))))())))))))))))))))))))))))()())))(())))))))))))))))))))))))))))()))))))))))))()()))))())())))(((((((((()((()((((()(((((())(())((((((())
())))(())))))))()))))()))))))))))))))()))))))))))))))))))))))())))())()))))((()(((((((((()(((((((((((((((((((()(((()((((()()((((((()(((((((((((((((((((((((((((((((()(((((((((((((((((((((((((((((((((()(((()(((()(((((((((((((((((((((((((((((()((((((((()((()(((((((((((()(((((((((())(((((
)))))()))))))))))))))()())))))))))))))()))))))())))()))))))))))()))))))))()))))))))))))()))))))))))))))))())()))))))))))))))))))))))))))))))))))))))(())))()())()))))))))())))))))))))())))))))))()))()))))))))))))))))())))))))))()))))))))))))())))))))))))(()))()))))))))))))))))))))))))))))))))))))))))()))))))))))))))()))))))))))))))))))))))))()))()))))))(()))))))))))))(()))())))))))))))))))))))))()))))))())))))))))()))))))))))))))))())))))))()))))))))))())()))))())())))))))((()((
)))())))()()())))))))))))))))))))))))))))))()))))()())(()))))(()))))))()))))))()())((((((((((((((((())(((((()(((((((((((((((()((((((((
())))))))()))))))())))())))))))))())))))))))))))))())()))))())))))))))))))))))))()))))))))()))(((()((((((((((((()()(((((((((((((((()(((((((((((((((((()((((((((((((((((((((((((((((())()((((((((()(((()
)))))))))))()()))))())))()))))))())))))))))))))))))))()))()))))()))))()()))))))))))()))))))(())))))))))))()))))))))()))))()))))()))))))))()))))))))))))))))))))))))))())))))))))))))))))))))))))))))))))))))))))))))))))()))((()(()(((((((((((((((()((((((((())((((((((((((((((((((((
))))))))))()))()))))(()))))))()))))))))))))()))))))))))))))))))))))))))())())))()))))))))))))))))))))))))))))))))()))))))))())))))())))))))))))))))()))()))))))))))))))()))))))()())))()))))))))()))))))))(((((((()()((()(((((((((()((((()((((((((((()(((((((((()(((()(((((((((((((((()((()((((((((((((((((((((((((((((((()(()(((((()((())(((((((((()((((((((((((((((((((((((((()(((((((((((((((((((((((((()((
))))))))()))))))))())))))(())))))))())))))))))))))))))())))))))))))))))))))))))))))))))))))))))))))()))))))()))))))()((((((((((((((((((()()(((((((((((((((((((((((((((((((()(((()(((((((((((((()(((((((((((((((((((((((((())()((((((((((((((((((((((((((((((((((((((()((()(((((()(((((((((((((()((()(((((((((((((((
)))))))())))()))()))))))))))))))()))))())))))))()))))))))))))))))()))))()))))))()()))())))))())((((((((((((((((((((((((((((((((((((((()(
))))))))())()))))))))()()))(((((((((((((()((()((((((()((()((((((((((((((((((((()((((((((((((((((()((((((((((((()((((((((())()(()((((((((((((()(((((((()(((((((((((((((()((((((((((((((((((((((((((((((((((((((((()((((((((()(((((()((((()(((((()()
()))))()))))))))))))))))))))())))))()))())))))))))))))())))))()))))))))))(()(((((((((((((((()(((((((()((((((((((()(()((((()(()(()(((((((((((()(((((((((((((((((
)))()))))()))))))))))(()))))))()))()))))(())))))())))))))))()))))))))))))))))))))())))))))())))))()))))))))))))))))))))))())))))))))))))))))))))(()()))))))))))))))))))))))))))()()))))))))))())()))))))))))()))))))))))))))))))))))))))))))))))))))))()))))))))()))))())))()))))))))))()))))))))))))))))))()))))))))))())))))))))))))))))))))))))))))))))))(()))())))))()))))))))()))))))))))(()))))))))())((((((((((((((
))))))(())))))))))))))))()))))))))))()))))))))))))))())))))))())))))))))))))))))))))))))))))))))))))()())))())))))))))(())))))))))()))))))))))))())))))))))()))))))))))))))))))))))))))))))))))()))))))()))))))))))))))))))))))))))))))))))))))(()))))))))))))())(())))))))))))))))))())))()))())))))))(()))()()))))))))))))))()))))))()))))))))))))))))))())))))))())))()))))))))))))))))))))))()))))))))))))))))))()))))))))))))())())))))))))))))))))))))))))((((((()(((((((()
)()))))))))))))))))))))))))))))()))))))))))))())))())))()))())))))))))))))())))))))())))))))))))))))))))())))))()))))))))))))))))))))))))((()))))))))))))()))))))))(()))))()))))))()))(()))())))))))))))))))))())))))))()))()())))))))))))))))()))))))))))))))))())))))())()))))())())))(((()()(((((((()((((((((((((((((((((((((((()(((((((((((((((((((((((((((((((((()(((((((((((()(((((()((((((((((((((())(()(((((
(((((((((((((((((((((((((((((((()(((((((((((()((((((((((((()(((((()((((((((())((((((((((((()((((((()(((()()((((((((((((((((((()(
)))))))(()))()))))))))))))))))))))))))))))))))())()))))))))())))))))))))()))))))))))))))))))())))))))))(()))))))))))))))))))))))))))))))())))))))))))())))())))))))()))))()((((((((((((((((()()(((((((((((((((((()(()((()(((((((((((((((((((()(((()((((((((()((((
))())))))))))))))))))))(()))))()))))))))))))))))))))))))))))()))()))))))))))())))))))()))))))))))))))))))()()))))(())))))))))))))))()))))))))))))))))))))))())))()(((((((((((((((())((((((()(((()(((((((((((((((((((((((((()(((((()((((((((()((((((((((()((((
)()))())))()))))))())))))))))))))))))()))))))))()(()()))))))))))))())))(((((()()((((()(((()((((()((((((((((((((((((((((((((()()((((((((((((((((()(((((()((((((((((()(((((((((()
)())())))())())))))))))))))))))))))))()()))))))))())))))))))))))))))))))())))())))))))))))))))))(())))))))))((((((()((((((((()((((((((((((((((()((()((((((((()((((((((((((((((((((((((((((((((((((((((((((((((((((((((((((((()(()((((((((((((((((((()(()((((((()((((((((((((((()
))))))))()))())))))))()))))))())))())))))))))))))())())))()))))))))())))))))))))))))))()))))))))))))))))))))))))())))))(()()))))()())))))))))))())))))))))))))))))))()))))())))((()(((()(()(((((((((())(()(((((((((()(((((((((((((((((((()(((((((()(((()((()((((((((()((((((((((((((()()(((((((((((((((((((()(((((((((((((((((((((())((((((((((((())(((((((((((((((((())()((((()((()(((((
))))((((((()(((()()((((((((((()((()()()(((((((()()(((((((((((((((((((((((((((()(((((((()(()())((((((()((((((((((((((())((((((()((((((((()(((((((((()(((((((((((()(((((((((((((()((()((((((())((((()((((((((((((((((((((((((()((((((((((((((()(((((((((((((((((((((((((((()(((((()()((((()()(()((((((((()((((((((((((((((((((((((((((((((((((((((((((((((((())((((((((((()((((((((((((()()((((((((((((((((((((((
())))))))))))))()))))))))))))()))))))()))))()))))()))))))))))))))))))))()))())(()))))))))))))())))))()))))))))))))))))))))))))))))))))))))))())))))))))(((((()()((((((((((((((((((((((((((()(((((((((((((((((((((())(((()((((((((((()((((((((((()(((((((((((((((((()(()((((((((((((((((((((((((((()(((((((((((((()(((((((((((((((((()((((((((((((()())())(()((((((()(((()()()(()((((()(((((((()((((((((((((()(((((((
200
6
79242068 921279533 861446516 220725098 833448462 142844585 
347085589 682625969 448986594 863820622 762250491 707512971 
613533296 127077942 518458917 965558992 647772998 407967386 
555487019 647464976 177832754 141748944 203649752 692792408 
729868367 796569347 293624464 48405889 199188082 926767988 
904385187 733224361 892560715 168147837 940889075 222859458 
99105090 144026047 552366771 908275905 667397774 569078250 
887459023 550457012 632754900 269102241 545271607 825054083 
534756953 256277833 629097240 281130279 553852682 160446653 
103074440 914698055 965818951 995662767 391720689 47057978 
103606441 643633277 19329433 22666937 885013506 428627945 
515484102 968642572 526366364 294404073 109725491 351250362 
427562867 249073929 92910959 817603725 326706993 155587513 
35124432 565618178 534717497 441670873 654929371 837394467 
610910231 632552576 7329685 616824261 821843925 181763331 
44141970 135806765 395980199 757975147 268829589 841618134 
662564812 352542600 895579775 480308529 82531741 881819733 
858951223 854235911 44386526 83481061 690093505 889608573 
354475498 811432874 732275297 436527304 320378829 203054529 
66 71 64 38 51 35 
197520755 684464761 968790313 32506532 883140772 421612539 
329329384 90169205 27363381 388395028 302371274 223661870 
751950999 981725334 120183621 311265004 993436534 501631068 
385997673 597487602 24326397 592009560 968119459 875900769 
698212822 775423592 966755092 470667851 583761099 922232424 
608041621 456206925 887110159 579944665 430277659 209637470 
573838005 854293340 26887790 163481707 868339871 97182740 
771274481 808380274 20551468 171515916 455135834 260243864 
447780071 592763446 387826282 325312462 807519624 555644498 
792253658 819933051 320298497 837339737 459928746 549949787 
163476754 524057255 148663733 974200630 275404114 113284026 
536029686 472666326 581633745 810701433 266770924 508382336 
34308195 828277722 932172966 530173810 391797936 654607582 
353571058 356523428 759670827 3374763 579855729 188442522 
532121988 527680129 751448283 846294043 561185511 969582810 
2565661 122415267 734168528 774201415 375995454 682000418 
541291115 688428658 746425737 764204505 541816771 370395820 
461386610 976049331 294054986 63700129 603213649 662074927 
364159195 677133938 707462226 44649104 999696535 461234915 
61 21 37 54 54 93 
666021342 948519047 481580761 513926444 214710882 18102313 
760261422 483851329 994417713 694219444 63120713 967984932 
675414585 5667646 206990921 332516919 854048907 19446541 
455103736 289879109 643251808 356837199 172957352 457496663 
996762494 15743971 873845935 734849651 76992549 429736724 
38826824 754045441 385797586 873389162 14691718 296316409 
936247419 637956630 374473929 234093201 508636090 805436927 
893523654 717868623 616409727 713713274 698886094 68798036 
497867107 195720552 825964724 91770032 359016854 270629324 
558822784 857570563 920763194 278508493 341569724 65580532 
985681129 200105351 984693281 897060353 261904424 22547513 
414055241 873172621 411045920 681937163 952531475 646134390 
153829387 475634259 844839463 966840941 122434245 973094876 
878517940 585354914 182458715 659837562 255989961 390656926 
267452795 983773288 215061414 628883945 884533190 231301419 
263370869 735986412 631073480 775630827 87275113 235035784 
64234348 648268124 303013795 309021939 624192557 418432007 
641895894 627975210 15679833 813086356 982419999 928658899 
679768509 870804569 992586283 116331482 456302308 864368882 
97 48 36 38 36 26 
813928531 834703547 959332656 411635663 203932337 996835729 
147403627 10236293 192260328 229454676 393428564 477374963 
972125517 753724516 529660532 236284317 15039755 741737477 
373393017 558469357 580875453 289426220 649514142 355737940 
670103228 383775997 406826382 459783921 845068069 618913497 
558166366 741748752 321167508 341422968 879548781 456240730 
137794271 293977933 395857660 36604629 382422997 882811734 
121200928 230254839 55801519 675165283 105970567 964193169 
278378991 357327016 334644347 429095268 324155558 997444620 
235931217 883017330 579342876 168839716 36786441 655736061 
538988767 426323475 657351269 492973184 419521762 255711860 
486551915 41460501 473560996 555916595 44114720 94662757 
168062325 347737288 404961401 242708490 976804747 178062414 
577409367 401258840 473464067 311110081 365387792 831429127 
150549973 198109800 703901961 751475915 567132965 785195713 
129699484 387647004 930475578 440180430 719436951 449230825 
920998086 433827744 339563409 309387910 571716612 118798561 
504496463 810645132 675568421 468251806 458921936 849745027 
739623528 669640604 965387869 883871075 501569313 481469850 
53 40 40 50 100 71 
733782600 61925778 640545359 390183256 302745593 905360623 
779083546 118416721 424299091 320516526 746155841 415737224 
218445562 491168615 970850475 183967143 351692420 515785129 
578714812 838204190 578070744 934973533 635280130 100619897 
217196577 272868104 590250545 295637339 186135889 875009798 
853154924 74842129 989847814 368499742 879889984 877777475 
348174265 476711733 218015386 113793110 234792517 528665432 
830142692 624337803 853501315 650288786 544001595 518437545 
492273587 241761971 770942227 360243160 352964158 262346602 
372340291 693458295 444416131 178688207 389234945 130502701 
604042443 112123837 208744259 496395908 219077590 74560908 
764216057 165860227 781972432 654759484 975654845 510446478 
741549174 937077426 456936605 622891125 166787629 386925129 
365364598 710857116 100731408 252838626 388786247 347027244 
863693476 318249294 676573104 368434828 642053204 219809981 
71002319 115464664 27641131 199755949 51419512 136445979 
880479380 30207163 217068302 430160289 160935644 269833623 
797918244 32829546 785690033 146739235 222103636 757284098 
825855379 53665063 659675522 891213497 356233011 973471506 
82 37 3 66 67 39 
349284989 704455682 203049929 427958062 216426796 939044368 
873483809 434068825 785919530 506320198 509732323 974070666 
474536749 560135572 3683277 37213393 968389833 466569060 
12351414 569604933 911336959 868690849 443295901 708752129 
476730694 523070451 819160577 31838180 449139557 136214438 
707588157 779120769 421058693 18024559 825098418 138760085 
984746876 101176855 534817361 630248522 942464876 388173262 
83054089 85924260 655609031 120148521 575480583 776554914 
644016233 553875122 119296693 564535607 709217134 226018445 
71239834 882438189 784575112 442695035 333630155 889481445 
723472028 23307240 891335091 79599156 28649994 535815457 
78759948 842899203 22711711 131819722 798096436 954144780 
513621743 131884173 815680275 730189045 761302320 938916528 
429900667 655006933 835034437 845270524 336336101 580084718 
455099380 333390365 377010926 424793225 515870613 908458113 
789346761 31086163 502757064 854316675 126864229 389833578 
858462587 330797038 15541659 326937671 335012841 751760890 
15424022 670118589 93127752 641034555 428687474 555035059 
172288333 259707715 324332566 203889266 910973337 45297779 
62 83 18 45 81 72 
229943942 312215268 931528740 450044243 844666132 496851219 
286628332 515510941 183363686 358782236 26240549 663618256 
381049322 335615051 89732180 588365194 98224475 453316721 
786729364 171745225 417657159 839549567 860748617 351041316 
683530570 959522159 246334232 353182764 244445612 61850307 
491182560 885559172 548495548 792960183 748342695 222836197 
273285122 3212606 623881020 737381992 27151935 979849861 
428846164 192066105 457667322 970910217 951703951 742613733 
963722614 488811871 327234575 260366709 773919974 147479218 
348959797 28256436 529995768 320760062 798245708 682537498 
367373502 685540603 194020346 128418925 696026853 521795470 
699609105 559671330 600022509 997572147 597165489 118871943 
881044066 678259645 299104507 372523491 996650441 574897750 
807592326 791658305 297332514 52674543 463824462 707609638 
366335150 244349516 361315807 626670990 854630619 489652183 
919999541 842136966 82816594 211639385 584975282 752673988 
963134614 520000779 360700705 490976979 620336142 578002300 
848804995 853714963 269531573 840663713 19697587 754998246 
898575429 4875561 379147564 555652193 903057733 799103878 
45 1 71 58 38 88 
453492361 707602924 516586591 112228271 301375616 952316328 
385256641 177961065 931872409 66809204 956046972 597353503 
354591881 177563843 498070610 478090990 786205379 489551163 
940847236 49011530 336204452 169233543 506846025 2345385 
788462640 669450622 872391473 429783504 147524823 71311899 
957333340 147311637 671689932 111632636 860389465 118630192 
257123464 439469544 785489658 317188807 528452734 33136524 
653771441 229508052 940244231 571256814 674205986 130073359 
234627514 61714461 485348906 740329167 566558863 612930124 
200962652 642397680 216437173 253754687 129155737 384876504 
101531160 209860596 741049286 154148964 215363031 984603356 
601786502 154999742 724456197 229961509 497963773 809808857 
976905821 498217954 91779896 626963105 348125966 946153104 
914647313 765906371 829567920 934805093 751681330 512921047 
23375408 585621767 407535612 846073998 258809509 758923053 
668170159 373546094 808715127 619041674 350917481 266871871 
980673174 338805889 144209851 873803684 267706695 747729 
125346485 173557984 797096856 637966702 671656199 463275288 
764816286 719718227 53133566 855248105 26998520 767152990 
73 17 6 13 19 57 
811316432 267172082 84157601 737505739 479802865 599079971 
134387997 893189756 173807918 583205197 165404251 950720801 
16983044 472273391 442601350 369406236 894618622 20816409 
264407531 537513382 371381849 952125581 732341258 471827593 
483502285 348327931 506699977 450403423 228481420 527361124 
871895071 801097906 454230826 866728565 509159656 254549803 
392316919 978363016 277454113 402296832 907626670 831245793 
155625577 581965019 271737673 659479758 812951790 372246250 
880110192 972146008 581691088 947552991 777796120 654448906 
194030590 992259700 126013791 519202873 612186556 104042682 
989306342 433813550 999719527 744685883 845914670 750319685 
720110290 855555162 169564345 360809050 490581828 938983819 
845398001 677442853 892245126 850129325 696245820 672247371 
727017127 56218772 407965133 910603688 159962700 451476867 
967643495 850104614 224931318 361291688 670399825 620445202 
641854587 21560977 287973534 921646441 134540750 634960207 
227671570 3469249 521948606 688239263 536244081 78206218 
316623660 533322762 102585014 784394919 59003193 808379395 
137422706 967213139 460307000 757503192 152636198 664230786 
48 74 7 92 15 80 
636361779 369898939 139221127 934995122 506254902 780241521 
815619553 178957160 886146427 737565617 275948661 804983747 
618278107 138264655 460030758 111794842 498566442 984746746 
686071440 97903500 806523634 866005369 440229357 59064693 
615477475 44590882 453351980 225772147 894695145 127945392 
274112212 925427262 307319508 914889615 471488478 729693138 
477581947 935737602 687022838 554884123 370918776 691323680 
360317302 203629623 239198995 427936656 121649418 147306865 
665957446 870963140 487216045 670416602 527011562 253094611 
121465363 201816127 715592431 352931585 436144687 532704489 
106034386 941135143 97889834 847944297 448958847 54884990 
624878286 320163480 50893058 282164916 542293627 572549670 
825637963 982827393 197654 644397504 674904333 591348847 
121463055 221971829 662068194 776974111 610808864 283849371 
656367811 148953142 456214654 447274436 217093101 941210305 
385349468 544999793 583085707 390061645 707124368 311029866 
491526627 424207105 757441119 122812379 54950887 820156018 
875067542 145552490 965260077 376045486 842799775 831708429 
523418856 412339272 750637504 475381949 113878695 999529971 
6 49 65 30 50 47 
