160
29826 4497 15217
259372922 340598177 0 1 1858 461002323
10290773 11466799 217644982 119302542 252 92036221
793013 567708 676571
833586602 67942369 296007508 818713880 941448407 880347119
281066941 478697334 649581301 145536287 855543507 666226818
2 2 2
6 3 0 0 0 10
2 4 0 0 0 10
9709 9046 3728
17948598 49903099 98616606 878529919 916929301 183177573
97261750 67371291 523609179 12467318 317682831 113096885
20290 10335 16694
573200517 497695553 554112724 91982518 60 635673433
366542930 349434263 0 0 2878 897784225
3005 2373 2496
38218640 7587394 939909031 447015909 981 44856405
344797703 386736003 0 1 3497 448699120
784437 628691 684401
148193238 588813157 312409633 884765682 33106059 593553270
659218361 308858735 845206329 605953865 875916038 731695297
2062 2044 99
327409145 47766563 258394949 87603227 702284797 372113977
14750922 130660826 901617020 158407741 902635709 230638027
3275 2370 1643
452778114 347098043 0 1 1226 743776024
56701369 392035167 492938488 900317491 982 991340260
15100 9092 10578
699705401 750816973 0 1 1829 780841249
22550631 113066395 420387469 483411873 485 612326103
6633 6336 856
244262224 7264282 882251166 482634270 187 758723894
165981984 27815245 1 0 463 231062420
23106 2030 4275
25390835 69565935 511259207 495321578 361448748 138329744
1717651 15041139 796851864 856633268 829650286 21027404
24322 19346 18192
672725455 639202324 106966656 173460532 674469326 969901694
370405430 234560880 741737644 721653997 102699700 537448898
17877 10982 14230
292637247 174775123 810566169 344105772 963 464500847
238577478 251302854 0 1 4420 393163922
20089 18869 1900
776760637 185487576 888116057 705158791 915 851426773
104849747 201861290 0 1 1346 345615986
19109 7701 18542
394151362 60446181 1 0 4889 465996880
40483037 207467675 828560278 189693254 671 217304309
24722 9901 16549
885752008 189994865 310899775 337988399 24011777 891152831
630543496 262660038 321920692 31937621 676393732 930968080
1759 1157 1023
687397555 82832530 878489631 482793781 722 867587099
72486927 85852439 1 1 69 92032166
800000 799999 799999
1000000000 1000000000 1000000000 1000000000 999999999 1000000000
1000000000 999999999 0 1 999999998 1000000000
11290 9963 5274
256441373 231117307 549393440 688879125 571543302 307953685
586145710 691197826 833803787 347301700 2976793 845362176
489 489 0
29067986 12600265 1 1 3441 33777495
211590677 433715700 648318154 364103323 294 727167954
794561 672917 173353
177644083 415444614 183357014 373922039 278170030 695552654
315328672 516892095 432257419 763120566 118423074 659986310
22859 19227 7681
32437404 33813304 546636192 206479503 168777781 59143455
13677695 114552116 613744978 412787344 682183280 126621106
868 218 680
96223080 12766728 783678726 986569561 886 331723958
7438679 277733984 1 1 744 671624919
1018 468 608
303767576 579756015 1 0 3712 669790885
252717388 91193421 683012497 878023112 17 268835359
28977 20817 12817
351257167 344402243 418347084 794713101 832608712 529239403
214562807 143557071 8528452 68387378 518057550 617058968
3819 3715 2507
200250155 178372943 763154812 651556207 577232602 273283479
229793511 165126400 737425161 635909228 57680703 723971695
24401 9784 21494
11102520 33024696 1 1 3805 40061347
268217309 444697981 979085417 542309942 293 597918753
12026 10984 1395
12798908 18946569 1 0 4251 27627290
130535568 477961120 336261933 130272050 261 601476197
8237 7196 5911
345700462 264716868 395698836 607735722 731029334 906887201
18826691 29639051 490611198 464068357 301705030 221484268
22660 22069 1532
629767778 295882071 133858444 292815373 258785036 779955757
348181716 432152280 83019070 498975940 204136696 958315396
18187 15863 3495
73162067 194264103 638705292 806851928 83886532 281328982
586437617 434431041 987047721 881275543 514301853 619224152
800000 800000 800000
1000000000 1000000000 1000000000 1000000000 999999999 1000000000
1000000000 999999999 0 1 999999998 1000000000
3259 1491 2681
58786660 7560140 1 0 7535 78705796
331274607 348018546 1 0 38927 743930649
13615 7938 7926
107634607 121985126 0 1 2071 129412111
24251622 79567112 281725006 997232211 52 90576625
10000 6011 4543
434894347 263348046 2565 3970 1267 622277910
524251054 294718567 0 1 3718 689139248
753338 753338 0
4115141 5125285 1 1 530 7153005
720896454 752945696 98160895 951181407 286 772735769
10096 5075 9294
354483921 342983214 410539773 600436868 371 417496874
78949401 71542035 1 1 503 168317028
10 7 5
15 19 34 41 32 44
34 3 25 2 17 38
5270 307 5095
81345920 17476430 735654932 720315952 2 221674598
235997837 55954643 0 1 1666 509964870
22693 14915 9300
551558739 326958986 52120428 743833741 419930336 764933954
361957833 614892515 939978128 210072827 161049665 697536757
20950 15414 12288
10059805 64471132 748050410 198415489 422516085 75050237
318192414 372278906 768896268 496432826 103997870 758473910
17571 9594 8991
4589410 19100509 584827526 85624605 241 19318578
884818713 751649279 1 1 3399 892260568
26596 18629 13843
302112244 157655678 289417879 571896225 688598045 407147356
283926198 243382614 997682845 607854616 337630456 670942870
6318 5362 2391
703082968 113852502 0 1 373 826135823
213511099 251344744 181552599 297312046 906 262932722
4358 1109 3519
75721727 420754087 505196669 172787762 620555033 729704825
52018357 43339889 895716249 64353235 453221542 311326951
774848 613876 707035
206790012 51762287 223906694 635017757 100 295087055
132780289 225716042 0 1 4442 236033554
26042 12782 7418
16986785 108819105 6446328 65144452 113506363 156514715
309282529 137702029 516551483 512545844 474652011 784943048
28632 23365 21710
230349804 552057060 967473357 302614476 467974945 997672352
226206642 191232086 915017459 105044572 552819446 271242617
3242 2005 1292
14089399 14748748 0 1 8346 25842230
160459101 56831098 0 1 18709 732449135
6677 4902 2962
573859688 310755979 120800582 198590393 486005659 694141245
190885522 72389934 547875366 197838884 496281701 933771763
2202 2073 1531
790580208 632440858 736507468 231843658 529 996220218
665332865 208613205 0 0 4442 724260425
7327 4367 5844
211546369 209374617 635152359 400134203 576 593533226
265616285 2260835 0 1 3067 331931151
15435 14012 2088
758824498 148359797 10227462 65609167 745785855 824721585
185958755 198659290 592839125 493386517 401759144 263051577
5187 2752 2001
340853585 456782905 1 0 356 655812685
78788361 242396454 874586989 675355272 521 703278057
17684 12111 13614
7119809 179171906 826771307 805685226 353 389024254
670569385 200852193 0 1 95 818475348
23176 16706 10723
1851476 9641816 65746117 57962551 184 185050353
151290997 11866254 1 1 794 377140127
26345 19597 19689
74514131 189027156 284708991 908471343 138 237973453
10943584 13575438 1 1 2530 25506028
26114 25515 19162
381570069 641771274 506261411 152318140 292018917 789909939
120558208 189372655 631034409 167943776 247955579 266634807
17550 15571 9024
93873461 178073725 379844169 589604593 398 210278668
130103669 182153584 1 1 834 410938316
10406 1007 6895
254902634 607160076 416103106 552852032 614071302 969676052
46856546 223321019 195985576 977963141 175493306 532857564
21859 20820 14787
740381692 789964697 940732585 757409273 138335457 936208725
459486654 180780432 11792374 557808401 939125944 609765487
6289 1397 5007
623686719 740241912 77942563 131828385 706 979284398
94340173 343277931 0 1 4902 659983365
6173 1824 5755
52905252 13596210 900846934 554135458 228199401 235341258
7063478 121178592 51330018 978651953 619332738 122667370
14871 4957 11352
414498046 89268026 0 1 2052 836143265
367835630 125329584 886672187 186609868 205 465529235
29862 5527 24397
153107806 334891340 163616402 667950094 585105507 338657353
68395681 243305141 161231104 302151609 890478249 463795625
18270 13456 10296
221043766 20580490 1 0 283 445462943
197634116 150424846 22125728 59227549 423 382730012
26755 18889 23851
550525133 290335800 43923254 894959948 964595689 665952480
549443631 536606772 600700235 227926216 398299936 585259247
9782 5172 7281
763584666 526688949 0 1 268 816073838
153514200 584643172 778921608 846014780 708 606787433
4076 3911 716
171859431 268964361 20489741 794796715 295 368082255
87457536 70800236 0 0 1148 134373742
17099 11695 6855
38109209 43217578 681988934 162236603 942492147 99475066
174303346 98592421 395914440 114002105 671158168 328770141
28635 26530 28298
443840429 198624575 77760741 809975217 579720510 541550669
936401667 373385533 193353890 437546912 729834080 994746024
26335 16402 23251
33697518 291368914 0 0 1108 348803205
302108247 839112514 465733550 232131121 17 904799878
716 716 0
97278910 48885144 326674161 783538549 378466281 239381522
49402007 1680773 104225334 146701177 485450818 716291801
28278 10808 22151
31971672 18999008 1 1 4616 56970615
253883741 259818533 486987021 362178799 130 880319478
27587 0 27587
19332512 178708090 764968360 502300779 84 264693224
102963833 51784358 1 0 1970 299780297
6749 6179 1554
231624344 35579511 319765865 581950314 582985214 522308522
38804674 120661771 158268905 30535580 745454003 573179810
643 607 166
284017082 585861813 0 0 3747 637392657
97488515 177318335 941300808 581701628 790 552566500
1877 1512 1334
23475486 90531564 470347779 177967591 378941051 99866922
85916011 129708704 839644833 705822744 53188561 422281703
13043 11479 3418
103283559 553425557 127031741 700616997 874575120 694304292
544293746 56367641 491454614 516271728 664949412 762073460
23715 19192 20256
178125765 204768515 0 0 526 339887477
628585310 363196312 323814389 991411689 141 705279739
800000 273065 706848
155094575 120082035 1 0 1853 855965475
502487409 634690547 89327194 206404979 932 731642872
994 771 272
30510288 144870671 157132342 167237344 634 155005597
418660277 596568671 1 0 4161 795439342
6938 5687 2403
591994617 595514623 587497724 313526569 843 864043007
310966217 256470216 0 1 1496 323320409
12550 10903 11685
490403898 531323486 932053325 790467159 579707612 792023242
332599936 208325 4646734 97614445 150701986 393052686
800000 799999 799999
1000000000 999999999 0 1 999999998 1000000000
1000000000 1000000000 1000000000 1000000000 999999999 1000000000
10000 6011 4543
434894347 263348046 2565 3970 1267 622277910
524251054 294718567 0 1 3718 689139248
2260 1305 2257
98199383 259557182 731445834 166307274 152802080 297645184
633981967 576660365 387712053 734882350 499112994 683320083
878 542 389
656350863 209266647 0 0 1953 771648023
709580100 664381303 34117305 108092179 28 840549518
1601 1525 197
416504999 344784567 193940363 498551940 983 798489228
597618181 538380701 1 1 380 607158422
7158 4745 5479
19929015 3890581 121964621 176266249 1717111 26360033
15292375 1873808 830300241 669682365 942361614 19387167
21689 9434 17643
391006343 299699161 859825673 881771711 648051640 599891134
310633796 257727944 795009646 497379838 553824381 685890543
4264 2088 3656
430848466 581625423 1 0 1687 960161427
129556789 22078200 771843659 759544900 362 320232043
881 790 145
558761372 498063335 0 1 9358 614834411
28587852 12936014 0 1 22946 57812832
25562 19769 24587
5502015 14985109 1 1 508 15191857
452594476 299146486 186341448 407821464 3 686165757
2841 568 2393
589283426 437047704 141058813 386542948 186737181 605380952
37720088 608358363 61214585 220261442 764198061 939564843
14319 9982 7252
682004048 461708818 682518291 536581150 581 814107979
74423416 82666044 1 1 1740 154573401
10503 10075 6544
54412862 66462372 919221796 468845962 152607263 306567501
21521810 21203397 230600637 217862952 367473789 40800575
7119 1872 5351
27169503 19033390 1 0 5799 32583754
22706377 105607405 1 0 9537 333793623
10044 8763 7799
62659272 86406088 900028685 251608353 106 300063313
87826520 16125968 1 1 3805 90869022
26704 14458 18755
66477462 98987955 483866970 427067041 961629287 437602035
51081542 15483203 294059174 261061341 99637890 145098151
23997 16527 22521
8529088 17041691 588972095 581429029 408 91843633
273183987 286667780 1 0 152 610836500
3022 1767 333
375646037 838391856 19028372 467482140 936 895705817
10989974 162061925 1 0 4363 580988207
13553 12372 6297
25044012 8025576 1 0 1023 452548592
448356041 275276751 636505112 815930024 930 840683946
3877 3808 694
399910961 40448344 0 0 2352 436617940
143863788 192475743 882077840 851583102 675 201477223
18855 3170 17318
757974488 361700968 1 0 4521 926099391
552018436 197681799 455636892 893363488 338 739827081
15128 8771 7202
330002657 56646371 36149256 609554334 86384023 593767517
174700795 268029258 147039651 81562556 230659427 789684460
17520 7671 13981
267366288 212375927 1 0 4585 511679017
269429552 63028460 554813308 535527816 913 687132079
20237 12237 14750
181959113 111135862 1 1 3381 350449321
74222983 54335813 551543134 594427867 344 89488237
3349 2989 2199
260004694 519369378 932757423 100186378 112090783 628568360
374726240 528798604 942616350 240650430 752014690 617226090
6498 1813 34
325983067 499166777 156803195 804098818 289004758 552907975
817602470 888585121 768403081 80567759 328814804 999412425
2801 2620 272
429638428 25903242 88509300 995271042 989306048 642434551
130454795 202372477 586234910 364798304 238739540 413935958
16785 1949 15936
255332114 190281419 625887691 358491583 111 313918718
282563376 71864765 0 1 4637 364128479
22556 14907 21525
20004745 16858734 515121285 228389706 598 26672325
325661642 220918236 0 1 442 629267583
27339 26051 27068
288536543 65476414 318449943 804690475 128 370153601
373128958 285703739 1 0 356 560475908
13573 170 5471
198407044 395746363 100590636 835962726 293927422 409565387
35853501 104877845 604409951 714918002 522323402 133778728
22011 8899 14835
282312545 192898126 1 0 4419 367178724
352985634 371349774 644038439 606755924 622 558060279
28032 18403 21250
24820350 753173899 716273519 388530278 245 908266245
209146158 157240519 1 0 217 442774896
1701 1343 1116
332670076 2308506 206919958 408603410 713 484494258
186103860 335547351 0 1 4202 373884114
772775 734810 126440
287403847 358711844 971899538 663510657 750 726655149
124622267 468974619 1 0 4820 999761062
28453 28453 0
345328947 493678541 0 1 4106 713367520
135233533 2494343 445116078 566788831 396 219052328
1934 0 1934
752967457 500650718 42891808 554603830 278754275 966178943
618038920 575353014 891278024 992743276 500933854 650880874
2869 2478 455
204319759 209386522 200348078 732808029 206 388925143
385268016 195423702 0 0 3440 567832445
784669 733542 179192
521552676 64656103 532675069 491671523 551286366 627588496
158200960 477261546 375167162 734768281 289018795 648190941
5165 2103 4475
209553828 210438187 1 0 1996 465927070
128954282 369999342 385810114 356201718 746 607307055
800000 545761 442924
6946039 8064687 377282474 864076631 573 23253900
510568753 318337515 1 1 892 828001045
2 1 1
1000000000 999999999 1000000000 1000000000 1000000000 1000000000
1000000000 1000000000 1000000000 1000000000 1000000000 1000000000
16145 11429 7371
142212689 102610543 1 0 4612 179343832
382745720 176683380 648965616 606594240 847 660165237
4623 4244 1582
492467274 600477141 432949768 516335684 749 873023589
100730736 57715775 0 1 433 253138837
4 1 3
1 1 1 0 0 2
1 2 1 0 1 2
15740 1960 8524
50952902 110250584 160741892 107871607 374808470 113553522
16500216 148779423 397249568 966603691 740706485 164722829
2 2 1
6 3 0 0 0 10
2 4 0 0 0 10
9473 7202 8908
352228977 66006943 668173241 359195875 700 669161552
22223369 2118478 1 1 2777 41750104
4589 4175 4589
236836534 355654179 1 1 163 902133926
238145552 338685845 295578406 443447747 50 735627764
21612 6433 18618
93380613 29491745 69794793 113843730 292 146382668
67820124 119119830 1 1 1920 149507814
6347 2667 4280
269845098 291671551 273832888 275147376 417977264 368270348
693464849 88914934 377904529 402605070 327882545 754376235
23930 19959 7079
385090991 681065937 970418248 879147752 398555151 784580960
16974672 67535534 261172084 180874230 516381652 70872627
3380 1785 2164
292715041 87384093 1 0 3715 594769791
45678768 19578253 197637346 29527375 601 62599031
796917 301858 586003
103333855 305581088 621862114 13761856 337405826 528982230
144082502 335283156 758526379 875102865 171899628 377135809
11953 10600 7777
49124818 157062079 137511784 159734989 227914437 286629315
164960888 316506672 378648649 817566093 715552031 800577976
7100 2613 5342
232390263 46829679 986317098 643636449 101643341 771201298
131340807 135691742 649492990 317093356 496147552 983961805
21938 14885 11165
98922246 709339339 900714041 343290170 641 713639479
83869007 529294460 0 1 1050 654247837
8800 6752 8756
59943118 24676277 686225508 127598089 289789286 78747094
68898824 76493182 687466071 870823165 152023288 77433330
2 0 1
6 3 0 0 0 10
2 4 0 0 0 10
18091 12790 12024
62182649 4171639 1 0 313 198981782
215271108 110112219 648774835 884243155 214 422067325
27469 23411 11087
387306326 303874665 172765887 339033126 459582655 403225994
90664779 16065194 762717991 285766952 261386593 195229795
19340 11326 14926
406406624 174872282 316139337 106079605 514 435511472
83081663 222963636 0 1 3922 320826990
2165 1881 1507
148137658 266229583 716427466 710089077 610228658 560944978
249450692 106568707 811594417 847628877 846035425 570070943
21368 17794 11088
166008972 118099652 894533866 296132655 854 912575303
742606273 812763166 0 0 4202 858367370
21522 18268 9071
83567683 184841331 1 1 2197 199316989
69488526 102902202 504307941 920692625 322 273296227
16795 13072 14061
39169132 338779123 0 1 3569 494329825
306988791 180932877 848914180 270231618 773 683860053
26169 10087 21814
287746955 73083736 1 1 2875 820525535
167687757 268894136 80596706 767503533 455 316452577
21018 19507 19073
624131874 698015405 1 0 2195 723924950
475554011 618427019 705364157 989013955 184 882065610
18678 15592 4620
357730156 312558021 9800195 878064873 556997036 478809931
621829956 793445853 666230747 458759799 776455386 911336154
4639 4260 4133
334870304 885065269 825530795 410104682 786107812 921502527
413959943 535578781 195234422 757139617 500699891 683077955
12756 10822 6960
9603726 527875102 37511372 332277673 111632199 531229550
68353500 196162737 825390085 472247249 68796768 688850240
26424 4414 24045
39701523 476889095 61564129 964418804 992 776671568
977452744 747815366 0 1 1510 989849860
11822 10063 7864
349245488 165210231 1 1 1581 486692421
114532069 403589845 895295660 906885212 307 733016040
11402 6229 5962
227560903 368308672 0 1 2109 428131870
242454940 134358479 821605574 507250891 645 558949217
29644 12669 20909
204573793 29355714 206903046 365943470 220387769 880245931
29510110 42747086 833116622 6930811 721649658 54754475
